  1)                 6  ||       1  ||        -2  ||          -3
  2)                42  ||       2  ||        -3  ||          -7
  3)               120  ||       3  ||        -5  ||          -8
  4)               156  ||       3  ||        -4  ||         -13
  5)               420  ||       4  ||        -5  ||         -21
  6)               630  ||       5  ||        -7  ||         -18
  7)               930  ||       5  ||        -6  ||         -31
  8)              1428  ||       7  ||       -12  ||         -17
  9)              1806  ||       6  ||        -7  ||         -43
 10)              2016  ||       7  ||        -9  ||         -32
 11)              2184  ||       8  ||       -13  ||         -21
 12)              3192  ||       7  ||        -8  ||         -57
 13)              4950  ||       9  ||       -11  ||         -50
 14)              5256  ||       8  ||        -9  ||         -73
 15)              8190  ||       9  ||       -10  ||         -91
 16)              8364  ||      12  ||       -17  ||         -41
 17)              8970  ||      13  ||       -23  ||         -30
 18)             10296  ||      11  ||       -13  ||         -72
 19)             10998  ||      13  ||       -18  ||         -47
 20)             12210  ||      10  ||       -11  ||        -111
 21)             17556  ||      11  ||       -12  ||        -133
 22)             19110  ||      13  ||       -15  ||         -98
 23)             21114  ||      17  ||       -27  ||         -46
 24)             23994  ||      18  ||       -31  ||         -43
 25)             24492  ||      12  ||       -13  ||        -157
 26)             28050  ||      17  ||       -22  ||         -75
 27)             32640  ||      15  ||       -17  ||        -128
 28)             33306  ||      13  ||       -14  ||        -183
 29)             34362  ||      18  ||       -23  ||         -83
 30)             37506  ||      21  ||       -38  ||         -47
 31)             39270  ||      21  ||       -34  ||         -55
 32)             44310  ||      14  ||       -15  ||        -211
 33)             52326  ||      17  ||       -19  ||        -162
 34)             57684  ||      23  ||       -33  ||         -76
 35)             57840  ||      15  ||       -16  ||        -241
 36)             70686  ||      22  ||       -27  ||        -119
 37)             74256  ||      16  ||       -17  ||        -273
 38)             79800  ||      19  ||       -21  ||        -200
 39)             83076  ||      23  ||       -28  ||        -129
 40)             93942  ||      17  ||       -18  ||        -307
 41)             99900  ||      27  ||       -37  ||        -100
 42)            116886  ||      21  ||       -23  ||        -242
 43)            117030  ||      30  ||       -47  ||         -83
 44)            117306  ||      18  ||       -19  ||        -343
 45)            120156  ||      31  ||       -57  ||         -68
 46)            133152  ||      32  ||       -57  ||         -73
 47)            143220  ||      31  ||       -44  ||        -105
 48)            144780  ||      19  ||       -20  ||        -381
 49)            149472  ||      27  ||       -32  ||        -173
 50)            165600  ||      23  ||       -25  ||        -288
 51)            170940  ||      28  ||       -33  ||        -185
 52)            176820  ||      20  ||       -21  ||        -421
 53)            196554  ||      34  ||       -47  ||        -123
 54)            201498  ||      33  ||       -43  ||        -142
 55)            213906  ||      21  ||       -22  ||        -463
 56)            228150  ||      25  ||       -27  ||        -338
 57)            256542  ||      22  ||       -23  ||        -507
 58)            257070  ||      38  ||       -55  ||        -123
 59)            280608  ||      32  ||       -37  ||        -237
 60)            284130  ||      41  ||       -70  ||         -99
 61)            302586  ||      37  ||       -47  ||        -174
 62)            305256  ||      23  ||       -24  ||        -553
 63)            306936  ||      27  ||       -29  ||        -392
 64)            314754  ||      33  ||       -38  ||        -251
 65)            319920  ||      43  ||       -80  ||         -93
 66)            342108  ||      43  ||       -68  ||        -117
 67)            360600  ||      24  ||       -25  ||        -601
 68)            404550  ||      29  ||       -31  ||        -450
 69)            410550  ||      46  ||       -75  ||        -119
 70)            423150  ||      25  ||       -26  ||        -651
 71)            426384  ||      47  ||       -81  ||        -112
 72)            452892  ||      47  ||       -73  ||        -132
 73)            483294  ||      37  ||       -42  ||        -311
 74)            484044  ||      44  ||       -57  ||        -193
 75)            493506  ||      26  ||       -27  ||        -703
 76)            505050  ||      50  ||       -91  ||        -111
 77)            519612  ||      43  ||       -53  ||        -228
 78)            523776  ||      31  ||       -33  ||        -512
 79)            532416  ||      47  ||       -64  ||        -177
 80)            534318  ||      38  ||       -43  ||        -327
 81)            572292  ||      27  ||       -28  ||        -757
 82)            611940  ||      47  ||       -60  ||        -217
 83)            660156  ||      28  ||       -29  ||        -813
 84)            667590  ||      33  ||       -35  ||        -578
 85)            704880  ||      55  ||       -89  ||        -144
 86)            717972  ||      47  ||       -57  ||        -268
 87)            744078  ||      57  ||      -107  ||        -122
 88)            757770  ||      29  ||       -30  ||        -871
 89)            779730  ||      42  ||       -47  ||        -395
 90)            839160  ||      35  ||       -37  ||        -648
 91)            852432  ||      43  ||       -48  ||        -413
 92)            861042  ||      57  ||       -83  ||        -182
 93)            865830  ||      30  ||       -31  ||        -931
 94)            874038  ||      57  ||       -82  ||        -187
 95)            922680  ||      55  ||       -72  ||        -233
 96)            985056  ||      31  ||       -32  ||        -993
 97)           1041846  ||      37  ||       -39  ||        -722
 98)           1115226  ||      53  ||       -63  ||        -334
 99)           1116192  ||      32  ||       -33  ||       -1057
100)           1195116  ||      47  ||       -52  ||        -489
101)           1224930  ||      57  ||       -70  ||        -307
102)           1260006  ||      33  ||       -34  ||       -1123
103)           1279200  ||      39  ||       -41  ||        -800
104)           1294896  ||      48  ||       -53  ||        -509
105)           1378020  ||      68  ||      -105  ||        -193
106)           1417290  ||      34  ||       -35  ||       -1191
107)           1458858  ||      57  ||       -67  ||        -382
108)           1476060  ||      60  ||       -73  ||        -337
109)           1503432  ||      72  ||      -133  ||        -157
110)           1554966  ||      41  ||       -43  ||        -882
111)           1561470  ||      73  ||      -138  ||        -155
112)           1581120  ||      64  ||       -81  ||        -305
113)           1588860  ||      35  ||       -36  ||       -1261
114)           1599972  ||      68  ||       -93  ||        -253
115)           1656270  ||      70  ||       -99  ||        -239
116)           1689366  ||      73  ||      -114  ||        -203
117)           1715700  ||      75  ||      -133  ||        -172
118)           1757652  ||      52  ||       -57  ||        -593
119)           1775556  ||      36  ||       -37  ||       -1333
120)           1813740  ||      76  ||      -129  ||        -185
121)           1873080  ||      43  ||       -45  ||        -968
122)           1890510  ||      53  ||       -58  ||        -615
123)           1978242  ||      37  ||       -38  ||       -1407
124)           2009106  ||      73  ||       -99  ||        -278
125)           2098200  ||      75  ||      -104  ||        -269
126)           2115540  ||      63  ||       -73  ||        -460
127)           2197806  ||      38  ||       -39  ||       -1483
128)           2237670  ||      45  ||       -47  ||       -1058
129)           2321676  ||      83  ||      -148  ||        -189
130)           2368080  ||      80  ||      -117  ||        -253
131)           2404344  ||      83  ||      -136  ||        -213
132)           2415816  ||      72  ||       -89  ||        -377
133)           2435160  ||      39  ||       -40  ||       -1561
134)           2498538  ||      57  ||       -62  ||        -707
135)           2552310  ||      81  ||      -115  ||        -274
136)           2597070  ||      70  ||       -83  ||        -447
137)           2653056  ||      47  ||       -49  ||       -1152
138)           2662044  ||      67  ||       -77  ||        -516
139)           2671074  ||      58  ||       -63  ||        -731
140)           2691240  ||      40  ||       -41  ||       -1641
141)           2967006  ||      41  ||       -42  ||       -1723
142)           3022656  ||      91  ||      -173  ||        -192
143)           3032274  ||      73  ||       -86  ||        -483
144)           3079674  ||      82  ||      -107  ||        -351
145)           3123750  ||      49  ||       -51  ||       -1250
146)           3148356  ||      83  ||      -109  ||        -348
147)           3263442  ||      42  ||       -43  ||       -1807
148)           3451974  ||      62  ||       -67  ||        -831
149)           3519516  ||      91  ||      -132  ||        -293
150)           3524934  ||      89  ||      -123  ||        -322
151)           3537534  ||      93  ||      -143  ||        -266
152)           3581556  ||      43  ||       -44  ||       -1893
153)           3654456  ||      51  ||       -53  ||       -1352
154)           3671388  ||      63  ||       -68  ||        -857
155)           3671754  ||      73  ||       -83  ||        -606
156)           3707046  ||      81  ||       -98  ||        -467
157)           3784074  ||      98  ||      -183  ||        -211
158)           3922380  ||      44  ||       -45  ||       -1981
159)           4100100  ||     100  ||      -173  ||        -237
160)           4165524  ||      99  ||      -157  ||        -268
161)           4250070  ||      53  ||       -55  ||       -1458
162)           4286970  ||      45  ||       -46  ||       -2071
163)           4488330  ||      77  ||       -87  ||        -670
164)           4655160  ||      67  ||       -72  ||        -965
165)           4676406  ||      46  ||       -47  ||       -2163
166)           4773930  ||     105  ||      -179  ||        -254
167)           4817586  ||      93  ||      -118  ||        -439
168)           4884384  ||      83  ||       -96  ||        -613
169)           4915680  ||      55  ||       -57  ||       -1568
170)           4929252  ||      68  ||       -73  ||        -993
171)           5091792  ||      47  ||       -48  ||       -2257
172)           5235870  ||      89  ||      -106  ||        -555
173)           5482956  ||     111  ||      -212  ||        -233
174)           5534256  ||      48  ||       -49  ||       -2353
175)           5537664  ||      99  ||      -128  ||        -437
176)           5576670  ||      86  ||       -99  ||        -655
177)           5644464  ||     107  ||      -157  ||        -336
178)           5656566  ||      57  ||       -59  ||       -1682
179)           5890500  ||      99  ||      -125  ||        -476
180)           5959068  ||      83  ||       -93  ||        -772
181)           5975796  ||     111  ||      -172  ||        -313
182)           6004950  ||      49  ||       -50  ||       -2451
183)           6008730  ||     105  ||      -142  ||        -403
184)           6046320  ||     112  ||      -177  ||        -305
185)           6148296  ||      72  ||       -77  ||       -1109
186)           6478200  ||      59  ||       -61  ||       -1800
187)           6485466  ||      73  ||       -78  ||       -1139
188)           6505050  ||      50  ||       -51  ||       -2551
189)           6597864  ||     104  ||      -133  ||        -477
190)           6748794  ||     117  ||      -191  ||        -302
191)           6811560  ||     119  ||      -216  ||        -265
192)           7035756  ||      51  ||       -52  ||       -2653
193)           7122516  ||      87  ||       -97  ||        -844
194)           7151424  ||     119  ||      -192  ||        -313
195)           7386246  ||      61  ||       -63  ||       -1922
196)           7472010  ||      98  ||      -115  ||        -663
197)           7598292  ||      52  ||       -53  ||       -2757
198)           7615770  ||     114  ||      -155  ||        -431
199)           7640268  ||     123  ||      -212  ||        -293
200)           7700784  ||     123  ||      -208  ||        -301
201)           7974582  ||      77  ||       -82  ||       -1263
202)           7980060  ||     107  ||      -132  ||        -565
203)           8007714  ||     122  ||      -187  ||        -351
204)           8193906  ||      53  ||       -54  ||       -2863
205)           8328690  ||     109  ||      -135  ||        -566
206)           8383830  ||      78  ||       -83  ||       -1295
207)           8386560  ||      63  ||       -65  ||       -2048
208)           8421504  ||     128  ||      -241  ||        -273
209)           8423520  ||      96  ||      -109  ||        -805
210)           8636040  ||     115  ||      -149  ||        -504
211)           8670090  ||     129  ||      -235  ||        -286
212)           8774766  ||     117  ||      -154  ||        -487
213)           8823870  ||      54  ||       -55  ||       -2971
214)           9176682  ||      93  ||      -103  ||        -958
215)           9428370  ||     133  ||      -255  ||        -278
216)           9458064  ||      99  ||      -112  ||        -853
217)           9485190  ||      65  ||       -67  ||       -2178
218)           9489480  ||      55  ||       -56  ||       -3081
219)           9653028  ||     132  ||      -217  ||        -337
220)          10000146  ||     106  ||      -123  ||        -767
221)          10180218  ||      82  ||       -87  ||       -1427
222)          10192056  ||      56  ||       -57  ||       -3193
223)          10400754  ||     129  ||      -182  ||        -443
224)          10671144  ||      83  ||       -88  ||       -1461
225)          10688376  ||      67  ||       -69  ||       -2312
226)          10773402  ||      97  ||      -107  ||       -1038
227)          10914246  ||     133  ||      -194  ||        -423
228)          10932942  ||      57  ||       -58  ||       -3307
229)          10968648  ||     123  ||      -157  ||        -568
230)          11126514  ||     133  ||      -191  ||        -438
231)          11389950  ||     118  ||      -143  ||        -675
232)          11654934  ||     142  ||      -251  ||        -327
233)          11713506  ||      58  ||       -59  ||       -3423
234)          12002550  ||      69  ||       -71  ||       -2450
235)          12074034  ||     138  ||      -203  ||        -431
236)          12466440  ||     136  ||      -189  ||        -485
237)          12535140  ||      59  ||       -60  ||       -3541
238)          12649104  ||     144  ||      -233  ||        -377
239)          12719652  ||     132  ||      -173  ||        -557
240)          12814404  ||      87  ||       -92  ||       -1601
241)          13397208  ||      88  ||       -93  ||       -1637
242)          13399260  ||      60  ||       -61  ||       -3661
243)          13434336  ||      71  ||       -73  ||       -2592
244)          13547796  ||     103  ||      -113  ||       -1164
245)          13555740  ||     115  ||      -132  ||        -893
246)          13603854  ||     109  ||      -122  ||       -1023
247)          13703250  ||     125  ||      -151  ||        -726
248)          13926528  ||     128  ||      -157  ||        -693
249)          14307306  ||      61  ||       -62  ||       -3783
250)          14990550  ||      73  ||       -75  ||       -2738
251)          15078000  ||     112  ||      -125  ||       -1077
252)          15234648  ||     143  ||      -193  ||        -552
253)          15260742  ||      62  ||       -63  ||       -3907
254)          15289140  ||     148  ||      -213  ||        -485
255)          15504378  ||     157  ||      -302  ||        -327
256)          15673788  ||     107  ||      -117  ||       -1252
257)          15929340  ||      92  ||       -97  ||       -1785
258)          16008678  ||     133  ||      -162  ||        -743
259)          16261056  ||      63  ||       -64  ||       -4033
260)          16457280  ||     155  ||      -237  ||        -448
261)          16614822  ||      93  ||       -98  ||       -1823
262)          16678200  ||      75  ||       -77  ||       -2888
263)          16983318  ||     157  ||      -242  ||        -447
264)          17058762  ||     162  ||      -307  ||        -343
265)          17180196  ||     132  ||      -157  ||        -829
266)          17309760  ||      64  ||       -65  ||       -4161
267)          17443860  ||     123  ||      -140  ||       -1013
268)          17462166  ||     142  ||      -179  ||        -687
269)          18170460  ||     135  ||      -161  ||        -836
270)          18408390  ||      65  ||       -66  ||       -4291
271)          18504486  ||      77  ||       -79  ||       -3042
272)          19319610  ||     113  ||      -123  ||       -1390
273)          19558506  ||      66  ||       -67  ||       -4423
274)          19580226  ||      97  ||      -102  ||       -1979
275)          19645410  ||     157  ||      -215  ||        -582
276)          20379786  ||      98  ||      -103  ||       -2019
277)          20476800  ||      79  ||       -81  ||       -3200
278)          20761692  ||      67  ||       -68  ||       -4557
279)          20860686  ||     173  ||      -319  ||        -378
280)          20867490  ||     122  ||      -135  ||       -1267
281)          21124350  ||     157  ||      -207  ||        -650
282)          21375030  ||     174  ||      -311  ||        -395
283)          21868134  ||     149  ||      -183  ||        -802
284)          22019556  ||      68  ||       -69  ||       -4693
285)          22069836  ||     172  ||      -269  ||        -477
286)          22080474  ||     117  ||      -127  ||       -1486
287)          22511580  ||     155  ||      -196  ||        -741
288)          22602726  ||      81  ||       -83  ||       -3362
289)          22713702  ||     177  ||      -307  ||        -418
290)          22755876  ||     132  ||      -149  ||       -1157
291)          22890750  ||     125  ||      -138  ||       -1327
292)          23087064  ||     143  ||      -168  ||        -961
293)          23333730  ||      69  ||       -70  ||       -4831
294)          23384130  ||     154  ||      -191  ||        -795
295)          23733870  ||     173  ||      -255  ||        -538
296)          23825262  ||     102  ||      -107  ||       -2183
297)          24547620  ||     183  ||      -353  ||        -380
298)          24705870  ||      70  ||       -71  ||       -4971
299)          24750900  ||     103  ||      -108  ||       -2225
300)          24811314  ||     173  ||      -246  ||        -583
301)          24890040  ||      83  ||       -85  ||       -3528
302)          24975678  ||     182  ||      -307  ||        -447
303)          25497810  ||     185  ||      -342  ||        -403
304)          26137656  ||      71  ||       -72  ||       -5113
305)          26329932  ||     172  ||      -233  ||        -657
306)          26448534  ||     157  ||      -191  ||        -882
307)          26763324  ||     123  ||      -133  ||       -1636
308)          27031224  ||     187  ||      -317  ||        -456
309)          27140610  ||     185  ||      -294  ||        -499
310)          27346710  ||      85  ||       -87  ||       -3698
311)          27475356  ||     151  ||      -177  ||       -1028
312)          27630792  ||      72  ||       -73  ||       -5257
313)          27715644  ||     179  ||      -253  ||        -612
314)          28227606  ||     177  ||      -242  ||        -659
315)          28298388  ||     183  ||      -268  ||        -577
316)          28420140  ||     140  ||      -157  ||       -1293
317)          28725648  ||     107  ||      -112  ||       -2397
318)          29187006  ||      73  ||       -74  ||       -5403
319)          29240658  ||     193  ||      -342  ||        -443
320)          29327130  ||     189  ||      -295  ||        -526
321)          29406414  ||     157  ||      -186  ||       -1007
322)          29789964  ||     108  ||      -113  ||       -2441
323)          29980896  ||      87  ||       -89  ||       -3872
324)          30134634  ||     193  ||      -318  ||        -491
325)          30274260  ||     127  ||      -137  ||       -1740
326)          30709260  ||     135  ||      -148  ||       -1537
327)          30808050  ||      74  ||       -75  ||       -5551
328)          31334592  ||     192  ||      -293  ||        -557
329)          32080200  ||     200  ||      -381  ||        -421
330)          32495700  ||      75  ||       -76  ||       -5701
331)          32660082  ||     157  ||      -182  ||       -1143
332)          32800950  ||      89  ||       -91  ||       -4050
333)          33015114  ||     162  ||      -191  ||       -1067
334)          33403314  ||     138  ||      -151  ||       -1603
335)          33430866  ||     173  ||      -214  ||        -903
336)          34164900  ||     187  ||      -252  ||        -725
337)          34251756  ||      76  ||       -77  ||       -5853
338)          34345584  ||     112  ||      -117  ||       -2621
339)          34515390  ||     182  ||      -235  ||        -807
340)          34620660  ||     191  ||      -265  ||        -684
341)          34863906  ||     161  ||      -187  ||       -1158
342)          35151480  ||     203  ||      -333  ||        -520
343)          35463360  ||     192  ||      -265  ||        -697
344)          35561778  ||     113  ||      -118  ||       -2667
345)          35815416  ||      91  ||       -93  ||       -4232
346)          35987970  ||     149  ||      -166  ||       -1455
347)          36078042  ||      77  ||       -78  ||       -6007
348)          36174138  ||     133  ||      -143  ||       -1902
349)          37620456  ||     211  ||      -408  ||        -437
350)          37976406  ||      78  ||       -79  ||       -6163
351)          38998380  ||     191  ||      -249  ||        -820
352)          39033030  ||      93  ||       -95  ||       -4418
353)          39471894  ||     189  ||      -242  ||        -863
354)          39948720  ||      79  ||       -80  ||       -6321
355)          40120170  ||     194  ||      -255  ||        -811
356)          40403880  ||     179  ||      -216  ||       -1045
357)          40559946  ||     137  ||      -147  ||       -2014
358)          40752270  ||     117  ||      -122  ||       -2855
359)          41059158  ||     213  ||      -343  ||        -562
360)          41360220  ||     211  ||      -324  ||        -605
361)          41485626  ||     217  ||      -387  ||        -494
362)          41996880  ||      80  ||       -81  ||       -6481
363)          42053928  ||     168  ||      -193  ||       -1297
364)          42134142  ||     118  ||      -123  ||       -2903
365)          42462720  ||      95  ||       -97  ||       -4608
366)          43595892  ||     212  ||      -313  ||        -657
367)          43676724  ||     148  ||      -161  ||       -1833
368)          43696848  ||     208  ||      -293  ||        -717
369)          43900026  ||     157  ||      -174  ||       -1607
370)          43991262  ||     193  ||      -243  ||        -938
371)          44122806  ||      81  ||       -82  ||       -6643
372)          45536148  ||     203  ||      -268  ||        -837
373)          45753204  ||     212  ||      -301  ||        -717
374)          46113606  ||      97  ||       -99  ||       -4802
375)          46328442  ||      82  ||       -83  ||       -6807
376)          46382448  ||     183  ||      -217  ||       -1168
377)          47122776  ||     216  ||      -313  ||        -697
378)          47175420  ||     151  ||      -164  ||       -1905
379)          47871252  ||     143  ||      -153  ||       -2188
380)          47929476  ||     228  ||      -413  ||        -509
381)          48015906  ||     122  ||      -127  ||       -3099
382)          48615756  ||      83  ||       -84  ||       -6973
383)          49577856  ||     123  ||      -128  ||       -3149
384)          49656642  ||     177  ||      -203  ||       -1382
385)          49995000  ||      99  ||      -101  ||       -5000
386)          50526714  ||     217  ||      -302  ||        -771
387)          50986740  ||      84  ||       -85  ||       -7141
388)          51255996  ||     191  ||      -228  ||       -1177
389)          51520494  ||     233  ||      -411  ||        -538
390)          52630116  ||     196  ||      -237  ||       -1133
391)          53266332  ||     147  ||      -157  ||       -2308
392)          53443410  ||      85  ||       -86  ||       -7311
393)          53529294  ||     237  ||      -442  ||        -511
394)          53943954  ||     213  ||      -278  ||        -911
395)          54116406  ||     101  ||      -103  ||       -5202
396)          54285486  ||     166  ||      -183  ||       -1787
397)          54320400  ||     191  ||      -225  ||       -1264
398)          55146210  ||     186  ||      -215  ||       -1379
399)          55987806  ||      86  ||       -87  ||       -7483
400)          56048406  ||     241  ||      -467  ||        -498
401)          56080770  ||     233  ||      -355  ||        -678
402)          56209692  ||     127  ||      -132  ||       -3353
403)          56264424  ||     239  ||      -408  ||        -577
404)          56603736  ||     207  ||      -257  ||       -1064
405)          56774718  ||     182  ||      -207  ||       -1507
406)          56807322  ||     242  ||      -463  ||        -507
407)          57348786  ||     237  ||      -374  ||        -647
408)          57966720  ||     128  ||      -133  ||       -3405
409)          58487520  ||     103  ||      -105  ||       -5408
410)          58621992  ||      87  ||       -88  ||       -7657
411)          59399340  ||     215  ||      -273  ||       -1012
412)          60370170  ||     161  ||      -174  ||       -2155
413)          60582060  ||     235  ||      -341  ||        -756
414)          60886980  ||     191  ||      -220  ||       -1449
415)          61021092  ||     187  ||      -213  ||       -1532
416)          61348056  ||      88  ||       -89  ||       -7833
417)          62197866  ||     153  ||      -163  ||       -2494
418)          63118230  ||     105  ||      -107  ||       -5618
419)          63246918  ||     233  ||      -322  ||        -843
420)          63568260  ||     251  ||      -469  ||        -540
421)          64168110  ||      89  ||       -90  ||       -8011
422)          64412070  ||     241  ||      -354  ||        -755
423)          64819524  ||     164  ||      -177  ||       -2233
424)          64972470  ||     174  ||      -191  ||       -1955
425)          65409828  ||     132  ||      -137  ||       -3617
426)          66377586  ||     253  ||      -438  ||        -599
427)          67084290  ||      90  ||       -91  ||       -8191
428)          67145694  ||     253  ||      -426  ||        -623
429)          67377534  ||     133  ||      -138  ||       -3671
430)          68018616  ||     107  ||      -109  ||       -5832
431)          68746218  ||     157  ||      -167  ||       -2622
432)          69705966  ||     237  ||      -319  ||        -922
433)          70098756  ||      91  ||       -92  ||       -8373
434)          70322694  ||     254  ||      -403  ||        -687
435)          70810542  ||     193  ||      -218  ||       -1683
436)          72632670  ||     214  ||      -255  ||       -1331
437)          73198950  ||     109  ||      -111  ||       -6050
438)          73213692  ||      92  ||       -93  ||       -8557
439)          73673754  ||     242  ||      -327  ||        -931
440)          74908440  ||     251  ||      -360  ||        -829
441)          75695514  ||     137  ||      -142  ||       -3891
442)          75754380  ||     255  ||      -377  ||        -788
443)          76431306  ||      93  ||       -94  ||       -8743
444)          76927746  ||     233  ||      -294  ||       -1123
445)          77713836  ||     268  ||      -489  ||        -593
446)          77890098  ||     138  ||      -143  ||       -3947
447)          78669696  ||     111  ||      -113  ||       -6272
448)          78799800  ||     183  ||      -200  ||       -2153
449)          78822450  ||     266  ||      -439  ||        -675
450)          79521180  ||     163  ||      -173  ||       -2820
451)          79753830  ||      94  ||       -95  ||       -8931
452)          79959174  ||     269  ||      -463  ||        -642
453)          80715096  ||     216  ||      -253  ||       -1477
454)          81161388  ||     268  ||      -437  ||        -693
455)          81250590  ||     265  ||      -411  ||        -746
456)          81442614  ||     174  ||      -187  ||       -2503
457)          81460470  ||     273  ||      -530  ||        -563
458)          83118756  ||     203  ||      -229  ||       -1788
459)          83183520  ||      95  ||       -96  ||       -9121
460)          84359550  ||     246  ||      -319  ||       -1075
461)          84441510  ||     113  ||      -115  ||       -6498
462)          84836154  ||     274  ||      -467  ||        -663
463)          84918042  ||     242  ||      -307  ||       -1143
464)          86427360  ||     235  ||      -288  ||       -1277
465)          86722656  ||      96  ||       -97  ||       -9313
466)          87000810  ||     177  ||      -190  ||       -2587
467)          87148950  ||     142  ||      -147  ||       -4175
468)          87256134  ||     217  ||      -251  ||       -1602
469)          87376404  ||     167  ||      -177  ||       -2956
470)          87949470  ||     278  ||      -483  ||        -655
471)          89587212  ||     143  ||      -148  ||       -4233
472)          89807718  ||     273  ||      -418  ||        -787
473)          90059880  ||     255  ||      -337  ||       -1048
474)          90373542  ||      97  ||       -98  ||       -9507
475)          90525240  ||     115  ||      -117  ||       -6728
476)          92254104  ||     207  ||      -232  ||       -1921
477)          92493258  ||     253  ||      -327  ||       -1118
478)          92844336  ||     191  ||      -208  ||       -2337
479)          94138506  ||      98  ||       -99  ||       -9703
480)          94900140  ||     215  ||      -244  ||       -1809
481)          95368734  ||     278  ||      -423  ||        -811
482)          95717664  ||     288  ||      -553  ||        -601
483)          96162330  ||     242  ||      -295  ||       -1347
484)          96931926  ||     117  ||      -119  ||       -6962
485)          98019900  ||      99  ||      -100  ||       -9901
486)          98177436  ||     252  ||      -317  ||       -1229
487)          98665860  ||     228  ||      -265  ||       -1633
488)          99675906  ||     213  ||      -239  ||       -1958
489)          99855336  ||     147  ||      -152  ||       -4469
490)          99883350  ||     225  ||      -259  ||       -1714
491)          99930810  ||     269  ||      -366  ||       -1015
492)         100232394  ||     173  ||      -183  ||       -3166
493)         100751874  ||     249  ||      -307  ||       -1318
494)         101387376  ||     243  ||      -293  ||       -1424
495)         102020100  ||     100  ||      -101  ||      -10101
496)         102245286  ||     286  ||      -443  ||        -807
497)         102554676  ||     148  ||      -153  ||       -4529
498)         103479420  ||     220  ||      -249  ||       -1889
499)         103672800  ||     119  ||      -121  ||       -7200
500)         104135130  ||     293  ||      -495  ||        -718
501)         105294252  ||     268  ||      -353  ||       -1113
502)         105878802  ||     237  ||      -278  ||       -1607
503)         106141506  ||     101  ||      -102  ||      -10303
504)         106446180  ||     255  ||      -316  ||       -1321
505)         107599800  ||     187  ||      -200  ||       -2877
506)         108255882  ||     293  ||      -463  ||        -798
507)         109059690  ||     265  ||      -339  ||       -1214
508)         109557690  ||     177  ||      -187  ||       -3310
509)         109902390  ||     265  ||      -338  ||       -1227
510)         110386542  ||     102  ||      -103  ||      -10507
511)         110759286  ||     121  ||      -123  ||       -7442
512)         110800200  ||     200  ||      -217  ||       -2553
513)         112251906  ||     218  ||      -243  ||       -2119
514)         113902872  ||     152  ||      -157  ||       -4773
515)         114437190  ||     190  ||      -203  ||       -2967
516)         114757656  ||     103  ||      -104  ||      -10713
517)         115072230  ||     305  ||      -546  ||        -691
518)         115832328  ||     307  ||      -597  ||        -632
519)         116784990  ||     301  ||      -479  ||        -810
520)         116881290  ||     153  ||      -158  ||       -4835
521)         116923830  ||     302  ||      -487  ||        -795
522)         116963316  ||     307  ||      -557  ||        -684
523)         118203000  ||     123  ||      -125  ||       -7688
524)         119257320  ||     104  ||      -105  ||      -10921
525)         119537430  ||     305  ||      -498  ||        -787
526)         120804840  ||     311  ||      -585  ||        -664
527)         122532012  ||     268  ||      -333  ||       -1373
528)         123888030  ||     105  ||      -106  ||      -11131
529)         124502622  ||     257  ||      -307  ||       -1578
530)         124746708  ||     183  ||      -193  ||       -3532
531)         125679414  ||     302  ||      -447  ||        -931
532)         126015750  ||     125  ||      -127  ||       -7938
533)         128633610  ||     313  ||      -515  ||        -798
534)         128652306  ||     106  ||      -107  ||      -11343
535)         128789934  ||     294  ||      -403  ||       -1087
536)         128840400  ||     208  ||      -225  ||       -2753
537)         129382758  ||     157  ||      -162  ||       -5087
538)         129809238  ||     313  ||      -507  ||        -818
539)         131155170  ||     229  ||      -255  ||       -2246
540)         131950206  ||     293  ||      -394  ||       -1143
541)         132017220  ||     295  ||      -401  ||       -1116
542)         132658854  ||     158  ||      -163  ||       -5151
543)         132797148  ||     307  ||      -452  ||        -957
544)         133552692  ||     107  ||      -108  ||      -11557
545)         134209536  ||     127  ||      -129  ||       -8192
546)         135714876  ||     187  ||      -197  ||       -3684
547)         137070570  ||     322  ||      -555  ||        -767
548)         138452088  ||     307  ||      -437  ||       -1032
549)         138591756  ||     108  ||      -109  ||      -11773
550)         138958680  ||     255  ||      -296  ||       -1841
551)         139600200  ||     200  ||      -213  ||       -3277
552)         139884318  ||     278  ||      -343  ||       -1467
553)         140398104  ||     327  ||      -616  ||        -697
554)         140714064  ||     307  ||      -432  ||       -1061
555)         140785554  ||     273  ||      -331  ||       -1558
556)         141696576  ||     311  ||      -448  ||       -1017
557)         142203240  ||     232  ||      -257  ||       -2385
558)         142796550  ||     129  ||      -131  ||       -8450
559)         143772090  ||     109  ||      -110  ||      -11991
560)         144312462  ||     293  ||      -378  ||       -1303
561)         145492710  ||     253  ||      -290  ||       -1983
562)         146389194  ||     162  ||      -167  ||       -5411
563)         147899304  ||     203  ||      -216  ||       -3373
564)         149096310  ||     110  ||      -111  ||      -12211
565)         149982168  ||     163  ||      -168  ||       -5477
566)         150154710  ||     334  ||      -615  ||        -731
567)         150509640  ||     251  ||      -285  ||       -2104
568)         150708360  ||     319  ||      -465  ||       -1016
569)         151518720  ||     327  ||      -512  ||        -905
570)         151673886  ||     217  ||      -234  ||       -2987
571)         151789176  ||     131  ||      -133  ||       -8712
572)         153007764  ||     244  ||      -273  ||       -2297
573)         153503322  ||     193  ||      -203  ||       -3918
574)         154284060  ||     239  ||      -265  ||       -2436
575)         154451910  ||     317  ||      -447  ||       -1090
576)         154567056  ||     111  ||      -112  ||      -12433
577)         154567746  ||     337  ||      -614  ||        -747
578)         154686714  ||     338  ||      -651  ||        -703
579)         154837410  ||     301  ||      -390  ||       -1319
580)         155368164  ||     327  ||      -497  ||        -956
581)         157377360  ||     336  ||      -565  ||        -829
582)         158764998  ||     318  ||      -443  ||       -1127
583)         160186992  ||     112  ||      -113  ||      -12657
584)         160701750  ||     302  ||      -387  ||       -1375
585)         161199990  ||     133  ||      -135  ||       -8978
586)         161532420  ||     343  ||      -668  ||        -705
587)         162744714  ||     337  ||      -542  ||        -891
588)         165019380  ||     167  ||      -172  ||       -5745
589)         165232914  ||     249  ||      -278  ||       -2387
590)         165958806  ||     113  ||      -114  ||      -12883
591)         166253706  ||     313  ||      -414  ||       -1283
592)         166296762  ||     197  ||      -207  ||       -4078
593)         168949032  ||     168  ||      -173  ||       -5813
594)         169379784  ||     259  ||      -293  ||       -2232
595)         169648020  ||     243  ||      -268  ||       -2605
596)         169780590  ||     313  ||      -410  ||       -1323
597)         171041760  ||     135  ||      -137  ||       -9248
598)         171725820  ||     348  ||      -613  ||        -805
599)         171885210  ||     114  ||      -115  ||      -13111
600)         173104890  ||     265  ||      -302  ||       -2163
601)         174403350  ||     225  ||      -242  ||       -3203
602)         176054580  ||     351  ||      -620  ||        -809
603)         177409764  ||     324  ||      -437  ||       -1253
604)         177968940  ||     115  ||      -116  ||      -13341
605)         178255014  ||     213  ||      -226  ||       -3703
606)         178473876  ||     343  ||      -524  ||        -993
607)         178577070  ||     294  ||      -355  ||       -1711
608)         180982620  ||     351  ||      -580  ||        -889
609)         181327446  ||     137  ||      -139  ||       -9522
610)         181979424  ||     288  ||      -341  ||       -1853
611)         182856294  ||     333  ||      -463  ||       -1186
612)         184212756  ||     116  ||      -117  ||      -13573
613)         185373516  ||     172  ||      -177  ||       -6089
614)         185505246  ||     342  ||      -499  ||       -1087
615)         186965436  ||     203  ||      -213  ||       -4324
616)         188210520  ||     216  ||      -229  ||       -3805
617)         189248094  ||     342  ||      -491  ||       -1127
618)         189660246  ||     173  ||      -178  ||       -6159
619)         190619442  ||     117  ||      -118  ||      -13807
620)         191819166  ||     278  ||      -319  ||       -2163
621)         192070200  ||     139  ||      -141  ||       -9800
622)         196792554  ||     322  ||      -411  ||       -1487
623)         197191806  ||     118  ||      -119  ||      -14043
624)         197481180  ||     255  ||      -281  ||       -2756
625)         198852420  ||     295  ||      -348  ||       -1937
626)         199553640  ||     319  ||      -401  ||       -1560
627)         200496234  ||     353  ||      -523  ||       -1086
628)         200656428  ||     307  ||      -372  ||       -1757
629)         201776148  ||     207  ||      -217  ||       -4492
630)         202002990  ||     293  ||      -343  ||       -2010
631)         202474272  ||     343  ||      -473  ||       -1248
632)         202925970  ||     234  ||      -251  ||       -3455
633)         203283366  ||     141  ||      -143  ||      -10082
634)         203932680  ||     119  ||      -120  ||      -14281
635)         207554802  ||     177  ||      -182  ||       -6443
636)         210102126  ||     257  ||      -282  ||       -2899
637)         210844920  ||     120  ||      -121  ||      -14521
638)         212219610  ||     178  ||      -183  ||       -6515
639)         213537540  ||     327  ||      -412  ||       -1585
640)         214207224  ||     319  ||      -392  ||       -1713
641)         214980480  ||     143  ||      -145  ||      -10368
642)         216490260  ||     307  ||      -365  ||       -1932
643)         216747102  ||     377  ||      -682  ||        -843
644)         217931406  ||     121  ||      -122  ||      -14763
645)         219190026  ||     341  ||      -447  ||       -1438
646)         221370906  ||     381  ||      -743  ||        -782
647)         224428170  ||     226  ||      -239  ||       -4155
648)         224431494  ||     382  ||      -707  ||        -831
649)         225195042  ||     122  ||      -123  ||      -15007
650)         225598122  ||     317  ||      -382  ||       -1863
651)         225620250  ||     213  ||      -223  ||       -4750
652)         226980390  ||     377  ||      -610  ||        -987
653)         227175270  ||     145  ||      -147  ||      -10658
654)         228723090  ||     265  ||      -291  ||       -2966
655)         231093786  ||     242  ||      -259  ||       -3687
656)         231669438  ||     182  ||      -187  ||       -6807
657)         232357044  ||     327  ||      -401  ||       -1772
658)         232638756  ||     123  ||      -124  ||      -15253
659)         232664796  ||     316  ||      -377  ||       -1953
660)         234393978  ||     273  ||      -302  ||       -2843
661)         235036980  ||     355  ||      -477  ||       -1388
662)         236246934  ||     229  ||      -242  ||       -4263
663)         236733924  ||     183  ||      -188  ||       -6881
664)         236902050  ||     378  ||      -583  ||       -1075
665)         239881656  ||     147  ||      -149  ||      -10952
666)         240241008  ||     307  ||      -357  ||       -2192
667)         240265500  ||     124  ||      -125  ||      -15501
668)         241252872  ||     392  ||      -757  ||        -813
669)         241860234  ||     354  ||      -467  ||       -1463
670)         242649834  ||     217  ||      -227  ||       -4926
671)         242696616  ||     296  ||      -337  ||       -2433
672)         243049290  ||     290  ||      -327  ||       -2563
673)         243106710  ||     285  ||      -319  ||       -2674
674)         243151566  ||     337  ||      -419  ||       -1722
675)         244036380  ||     380  ||      -577  ||       -1113
676)         246643884  ||     268  ||      -293  ||       -3141
677)         247300020  ||     395  ||      -748  ||        -837
678)         248078250  ||     125  ||      -126  ||      -15751
679)         251173278  ||     278  ||      -307  ||       -2943
680)         253113750  ||     149  ||      -151  ||      -11250
681)         253306326  ||     381  ||      -562  ||       -1183
682)         256080006  ||     126  ||      -127  ||      -16003
683)         257826624  ||     187  ||      -192  ||       -7181
684)         261533160  ||     360  ||      -469  ||       -1549
685)         263312988  ||     188  ||      -193  ||       -7257
686)         264273792  ||     127  ||      -128  ||      -16257
687)         264360954  ||     338  ||      -411  ||       -1903
688)         264893244  ||     339  ||      -413  ||       -1892
689)         266179476  ||     251  ||      -268  ||       -3957
690)         266604030  ||     374  ||      -511  ||       -1395
691)         266885856  ||     151  ||      -153  ||      -11552
692)         267812844  ||     403  ||      -701  ||        -948
693)         267895320  ||     395  ||      -616  ||       -1101
694)         269978964  ||     223  ||      -233  ||       -5196
695)         269995398  ||     293  ||      -327  ||       -2818
696)         270236826  ||     333  ||      -398  ||       -2039
697)         272662656  ||     128  ||      -129  ||      -16513
698)         273328812  ||     387  ||      -557  ||       -1268
699)         279036324  ||     239  ||      -252  ||       -4633
700)         281212470  ||     153  ||      -155  ||      -11858
701)         281242866  ||     353  ||      -438  ||       -1819
702)         281249670  ||     129  ||      -130  ||      -16771
703)         282633246  ||     413  ||      -783  ||        -874
704)         283279926  ||     302  ||      -339  ||       -2767
705)         285844980  ||     331  ||      -389  ||       -2220
706)         286138560  ||     192  ||      -197  ||       -7565
707)         286233906  ||     281  ||      -307  ||       -3318
708)         287301924  ||     403  ||      -621  ||       -1148
709)         289438620  ||     227  ||      -237  ||       -5380
710)         290037930  ||     130  ||      -131  ||      -17031
711)         290085666  ||     377  ||      -499  ||       -1542
712)         292069602  ||     193  ||      -198  ||       -7643
713)         292937370  ||     242  ||      -255  ||       -4747
714)         296043126  ||     366  ||      -463  ||       -1747
715)         296108280  ||     155  ||      -157  ||      -12168
716)         298651506  ||     421  ||      -822  ||        -863
717)         299030556  ||     131  ||      -132  ||      -17293
718)         299805762  ||     282  ||      -307  ||       -3463
719)         300590220  ||     259  ||      -276  ||       -4205
720)         301299432  ||     343  ||      -408  ||       -2153
721)         308230692  ||     132  ||      -133  ||      -17557
722)         309290520  ||     408  ||      -605  ||       -1253
723)         311588166  ||     157  ||      -159  ||      -12482
724)         313662960  ||     423  ||      -713  ||       -1040
725)         314853066  ||     418  ||      -659  ||       -1143
726)         316720446  ||     197  ||      -202  ||       -7959
727)         317641506  ||     133  ||      -134  ||      -17823
728)         320576778  ||     233  ||      -243  ||       -5662
729)         321666840  ||     319  ||      -360  ||       -2801
730)         323119566  ||     198  ||      -203  ||       -8039
731)         327266190  ||     134  ||      -135  ||      -18091
732)         327292356  ||     291  ||      -317  ||       -3548
733)         327667200  ||     159  ||      -161  ||      -12800
734)         327868596  ||     431  ||      -748  ||       -1017
735)         327934488  ||     408  ||      -577  ||       -1393
736)         329227440  ||     411  ||      -589  ||       -1360
737)         329710290  ||     413  ||      -598  ||       -1335
738)         330554886  ||     421  ||      -642  ||       -1223
739)         332126808  ||     403  ||      -552  ||       -1493
740)         332326860  ||     431  ||      -724  ||       -1065
741)         337107960  ||     135  ||      -136  ||      -18361
742)         339352350  ||     437  ||      -775  ||       -1002
743)         340587390  ||     341  ||      -394  ||       -2535
744)         342687306  ||     237  ||      -247  ||       -5854
745)         343048860  ||     252  ||      -265  ||       -5137
746)         343175340  ||     268  ||      -285  ||       -4493
747)         343236540  ||     439  ||      -785  ||        -996
748)         344360646  ||     161  ||      -163  ||      -13122
749)         344569014  ||     302  ||      -331  ||       -3447
750)         347170056  ||     136  ||      -137  ||      -18633
751)         347238078  ||     438  ||      -743  ||       -1067
752)         347259498  ||     293  ||      -318  ||       -3727
753)         349690482  ||     202  ||      -207  ||       -8363
754)         356581680  ||     203  ||      -208  ||       -8445
755)         357455742  ||     137  ||      -138  ||      -18907
756)         357533280  ||     355  ||      -416  ||       -2421
757)         358154868  ||     443  ||      -757  ||       -1068
758)         358957536  ||     411  ||      -557  ||       -1568
759)         359263380  ||     255  ||      -268  ||       -5257
760)         359856456  ||     447  ||      -824  ||        -977
761)         360353826  ||     378  ||      -463  ||       -2059
762)         361683960  ||     163  ||      -165  ||      -13448
763)         363418104  ||     343  ||      -393  ||       -2696
764)         364905450  ||     450  ||      -871  ||        -931
765)         366911664  ||     307  ||      -336  ||       -3557
766)         367429884  ||     348  ||      -401  ||       -2633
767)         367968306  ||     138  ||      -139  ||      -19183
768)         371435142  ||     437  ||      -663  ||       -1282
769)         372954384  ||     319  ||      -353  ||       -3312
770)         374242704  ||     447  ||      -737  ||       -1136
771)         376119744  ||     448  ||      -741  ||       -1133
772)         376381650  ||     426  ||      -599  ||       -1475
773)         376602930  ||     394  ||      -495  ||       -1931
774)         376994772  ||     443  ||      -693  ||       -1228
775)         377972892  ||     243  ||      -253  ||       -6148
776)         378711060  ||     139  ||      -140  ||      -19461
777)         379652790  ||     165  ||      -167  ||      -13778
778)         381947082  ||     418  ||      -563  ||       -1623
779)         382235064  ||     447  ||      -712  ||       -1201
780)         382913076  ||     327  ||      -364  ||       -3217
781)         384689076  ||     276  ||      -293  ||       -4757
782)         385169868  ||     207  ||      -212  ||       -8777
783)         389687340  ||     140  ||      -141  ||      -19741
784)         389942826  ||     401  ||      -507  ||       -1918
785)         390594048  ||     403  ||      -512  ||       -1893
786)         391460460  ||     460  ||      -857  ||        -993
787)         392114190  ||     390  ||      -479  ||       -2099
788)         392544936  ||     387  ||      -472  ||       -2149
789)         392577744  ||     208  ||      -213  ||       -8861
790)         395788302  ||     337  ||      -378  ||       -3107
791)         397226220  ||     463  ||      -905  ||        -948
792)         398117448  ||     423  ||      -568  ||       -1657
793)         398282976  ||     167  ||      -169  ||      -14112
794)         398933730  ||     442  ||      -647  ||       -1395
795)         400900506  ||     141  ||      -142  ||      -20023
796)         401972292  ||     307  ||      -333  ||       -3932
797)         402489150  ||     438  ||      -623  ||       -1475
798)         402964692  ||     247  ||      -257  ||       -6348
799)         406307400  ||     456  ||      -725  ||       -1229
800)         406572564  ||     372  ||      -437  ||       -2501
801)         409859184  ||     327  ||      -361  ||       -3472
802)         410999490  ||     365  ||      -423  ||       -2662
803)         411098232  ||     467  ||      -853  ||       -1032
804)         412353942  ||     142  ||      -143  ||      -20307
805)         414976074  ||     437  ||      -606  ||       -1567
806)         415544148  ||     307  ||      -332  ||       -4077
807)         417241404  ||     439  ||      -612  ||       -1553
808)         417487890  ||     265  ||      -278  ||       -5667
809)         417590550  ||     169  ||      -171  ||      -14450
810)         422238894  ||     357  ||      -407  ||       -2906
811)         423282804  ||     212  ||      -217  ||       -9201
812)         424051056  ||     143  ||      -144  ||      -20593
813)         431232558  ||     213  ||      -218  ||       -9287
814)         435772410  ||     285  ||      -302  ||       -5063
815)         435995280  ||     144  ||      -145  ||      -20881
816)         436259244  ||     268  ||      -281  ||       -5793
817)         437292156  ||     476  ||      -853  ||       -1077
818)         437591736  ||     171  ||      -173  ||      -14792
819)         439113480  ||     339  ||      -376  ||       -3445
820)         440724150  ||     477  ||      -850  ||       -1087
821)         442750506  ||     253  ||      -263  ||       -6654
822)         445465410  ||     410  ||      -507  ||       -2143
823)         446996082  ||     377  ||      -438  ||       -2707
824)         448190070  ||     145  ||      -146  ||      -21171
825)         448570758  ||     382  ||      -447  ||       -2627
826)         449999400  ||     443  ||      -600  ||       -1693
827)         450086310  ||     414  ||      -515  ||       -2111
828)         453747588  ||     483  ||      -893  ||       -1052
829)         453819636  ||     463  ||      -684  ||       -1433
830)         454713042  ||     317  ||      -343  ||       -4182
831)         455153160  ||     392  ||      -465  ||       -2497
832)         456196122  ||     477  ||      -782  ||       -1223
833)         457479246  ||     401  ||      -483  ||       -2362
834)         458302950  ||     173  ||      -175  ||      -15138
835)         460638906  ||     146  ||      -147  ||      -21463
836)         463201200  ||     432  ||      -557  ||       -1925
837)         463439592  ||     467  ||      -693  ||       -1432
838)         464156490  ||     217  ||      -222  ||       -9635
839)         468803910  ||     485  ||      -834  ||       -1159
840)         468916770  ||     489  ||      -931  ||       -1030
841)         470780952  ||     487  ||      -857  ||       -1128
842)         470863578  ||     257  ||      -267  ||       -6862
843)         471626610  ||     485  ||      -822  ||       -1183
844)         472266774  ||     437  ||      -567  ||       -1906
845)         472673922  ||     218  ||      -223  ||       -9723
846)         473345292  ||     147  ||      -148  ||      -21757
847)         474499500  ||     411  ||      -500  ||       -2309
848)         475889862  ||     318  ||      -343  ||       -4363
849)         476216034  ||     469  ||      -687  ||       -1478
850)         476971488  ||     463  ||      -657  ||       -1568
851)         479740800  ||     175  ||      -177  ||      -15488
852)         482938800  ||     447  ||      -592  ||       -1825
853)         485304690  ||     293  ||      -310  ||       -5343
854)         486312756  ||     148  ||      -149  ||      -22053
855)         489628440  ||     331  ||      -360  ||       -4109
856)         490282650  ||     401  ||      -475  ||       -2574
857)         492227340  ||     467  ||      -660  ||       -1597
858)         493276476  ||     412  ||      -497  ||       -2409
859)         499544850  ||     149  ||      -150  ||      -22351
860)         501359040  ||     448  ||      -585  ||       -1913
861)         501922086  ||     177  ||      -179  ||      -15842
862)         502179684  ||     452  ||      -597  ||       -1861
863)         503428254  ||     278  ||      -291  ||       -6223
864)         503618700  ||     491  ||      -789  ||       -1300
865)         505268196  ||     463  ||      -633  ||       -1724
866)         506519112  ||     443  ||      -568  ||       -2013
867)         507921126  ||     222  ||      -227  ||      -10079
868)         508291560  ||     360  ||      -401  ||       -3521
869)         511224450  ||     437  ||      -550  ||       -2127
870)         511711296  ||     447  ||      -577  ||       -1984
871)         513045150  ||     150  ||      -151  ||      -22651
872)         515516820  ||     263  ||      -273  ||       -7180
873)         517032636  ||     223  ||      -228  ||      -10169
874)         518644560  ||     336  ||      -365  ||       -4229
875)         520733304  ||     504  ||      -893  ||       -1157
876)         521301234  ||     389  ||      -447  ||       -2998
877)         521552928  ||     507  ||      -992  ||       -1037
878)         522416790  ||     398  ||      -463  ||       -2835
879)         523701750  ||     494  ||      -771  ||       -1375
880)         524147604  ||     499  ||      -813  ||       -1292
881)         524863800  ||     179  ||      -181  ||      -16200
882)         525011970  ||     281  ||      -294  ||       -6355
883)         526817256  ||     151  ||      -152  ||      -22953
884)         528784830  ||     509  ||      -970  ||       -1071
885)         537392640  ||     419  ||      -501  ||       -2560
886)         537395712  ||     512  ||      -993  ||       -1057
887)         538664784  ||     483  ||      -688  ||       -1621
888)         540864792  ||     152  ||      -153  ||      -23257
889)         542067900  ||     411  ||      -484  ||       -2725
890)         545435490  ||     489  ||      -710  ||       -1571
891)         545947446  ||     302  ||      -319  ||       -5667
892)         546674058  ||     413  ||      -487  ||       -2718
893)         547000764  ||     267  ||      -277  ||       -7396
894)         548583126  ||     181  ||      -183  ||      -16562
895)         548902998  ||     353  ||      -387  ||       -4018
896)         549677106  ||     333  ||      -359  ||       -4598
897)         550073370  ||     498  ||      -755  ||       -1463
898)         552215460  ||     516  ||      -965  ||       -1109
899)         552887790  ||     465  ||      -611  ||       -1946
900)         554709912  ||     227  ||      -232  ||      -10533
901)         555191406  ||     153  ||      -154  ||      -23563
902)         556394904  ||     479  ||      -657  ||       -1768
903)         561922284  ||     332  ||      -357  ||       -4741
904)         564442500  ||     228  ||      -233  ||      -10625
905)         569800770  ||     154  ||      -155  ||      -23871
906)         572969496  ||     408  ||      -473  ||       -2969
907)         573097440  ||     183  ||      -185  ||      -16928
908)         575419410  ||     509  ||      -790  ||       -1431
909)         575827980  ||     364  ||      -401  ||       -3945
910)         576449412  ||     447  ||      -553  ||       -2332
911)         578103708  ||     507  ||      -772  ||       -1477
912)         578930016  ||     487  ||      -672  ||       -1769
913)         579868608  ||     463  ||      -593  ||       -2112
914)         584696580  ||     155  ||      -156  ||      -24181
915)         585240114  ||     394  ||      -447  ||       -3323
916)         587261640  ||     511  ||      -785  ||       -1464
917)         589285620  ||     495  ||      -697  ||       -1708
918)         596903034  ||     273  ||      -283  ||       -7726
919)         597584520  ||     520  ||      -837  ||       -1373
920)         598043430  ||     361  ||      -395  ||       -4194
921)         598424310  ||     185  ||      -187  ||      -17298
922)         599882556  ||     156  ||      -157  ||      -24493
923)         601997520  ||     291  ||      -304  ||       -6805
924)         604469310  ||     310  ||      -327  ||       -5963
925)         604659048  ||     232  ||      -237  ||      -10997
926)         606212718  ||     393  ||      -443  ||       -3482
927)         611454486  ||     526  ||      -863  ||       -1347
928)         611829666  ||     378  ||      -419  ||       -3863
929)         613562394  ||     498  ||      -691  ||       -1783
930)         615040314  ||     233  ||      -238  ||      -11091
931)         615362442  ||     157  ||      -158  ||      -24807
932)         616128156  ||     343  ||      -369  ||       -4868
933)         617354430  ||     438  ||      -523  ||       -2695
934)         624581496  ||     187  ||      -189  ||      -17672
935)         625355490  ||     401  ||      -454  ||       -3435
936)         625770486  ||     473  ||      -603  ||       -2194
937)         626661294  ||     294  ||      -307  ||       -6943
938)         631140006  ||     158  ||      -159  ||      -25123
939)         632017050  ||     277  ||      -287  ||       -7950
940)         637304976  ||     343  ||      -368  ||       -5049
941)         645499296  ||     416  ||      -477  ||       -3253
942)         646423050  ||     497  ||      -667  ||       -1950
943)         646618434  ||     538  ||      -903  ||       -1331
944)         647219040  ||     159  ||      -160  ||      -25441
945)         649251420  ||     467  ||      -580  ||       -2397
946)         651105624  ||     507  ||      -701  ||       -1832
947)         651586950  ||     189  ||      -191  ||      -18050
948)         651743736  ||     376  ||      -413  ||       -4197
949)         657907734  ||     237  ||      -242  ||      -11471
950)         662732160  ||     491  ||      -640  ||       -2109
951)         663603360  ||     160  ||      -161  ||      -25761
952)         668965878  ||     238  ||      -243  ||      -11567
953)         669163266  ||     477  ||      -599  ||       -2342
954)         674180934  ||     469  ||      -578  ||       -2487
955)         674405058  ||     538  ||      -843  ||       -1487
956)         674998140  ||     515  ||      -717  ||       -1828
957)         675795120  ||     319  ||      -336  ||       -6305
958)         676253160  ||     360  ||      -389  ||       -4829
959)         676755870  ||     553  ||     -1083  ||       -1130
960)         676969530  ||     530  ||      -787  ||       -1623
961)         679458816  ||     191  ||      -193  ||      -18432
962)         680296806  ||     161  ||      -162  ||      -26083
963)         682512240  ||     499  ||      -656  ||       -2085
964)         687564348  ||     283  ||      -293  ||       -8292
965)         688022184  ||     552  ||      -961  ||       -1297
966)         688390656  ||     512  ||      -697  ||       -1929
967)         689052480  ||     555  ||     -1021  ||       -1216
968)         691916280  ||     407  ||      -457  ||       -3720
969)         693055440  ||     463  ||      -560  ||       -2673
970)         693425340  ||     540  ||      -829  ||       -1549
971)         697303242  ||     162  ||      -163  ||      -26407
972)         703955538  ||     557  ||      -982  ||       -1287
973)         708215430  ||     193  ||      -195  ||      -18818
974)         713153790  ||     365  ||      -394  ||       -4959
975)         713748204  ||     423  ||      -481  ||       -3508
976)         714375984  ||     304  ||      -317  ||       -7413
977)         714598170  ||     242  ||      -247  ||      -11955
978)         714626556  ||     163  ||      -164  ||      -26733
979)         722570478  ||     557  ||      -922  ||       -1407
980)         726361992  ||     243  ||      -248  ||      -12053
981)         726577236  ||     287  ||      -297  ||       -8524
982)         729429690  ||     565  ||     -1023  ||       -1262
983)         732270660  ||     164  ||      -165  ||      -27061
984)         733615806  ||     566  ||     -1023  ||       -1267
985)         734750940  ||     359  ||      -385  ||       -5316
986)         737875320  ||     195  ||      -197  ||      -19208
987)         740387250  ||     437  ||      -502  ||       -3375
988)         742399680  ||     307  ||      -320  ||       -7557
989)         743920170  ||     357  ||      -382  ||       -5455
990)         743971512  ||     568  ||     -1013  ||       -1293
991)         744333096  ||     327  ||      -344  ||       -6617
992)         750239490  ||     165  ||      -166  ||      -27391
993)         751077594  ||     562  ||      -911  ||       -1467
994)         753986220  ||     524  ||      -705  ||       -2041
995)         757366140  ||     463  ||      -548  ||       -2985
996)         766158666  ||     546  ||      -787  ||       -1783
997)         766217166  ||     401  ||      -442  ||       -4323
998)         768457206  ||     197  ||      -199  ||      -19602
999)         768537006  ||     166  ||      -167  ||      -27723
1000)        772168278  ||     553  ||      -818  ||       -1707