(1, 2, 4)
(1, 3, 3)
(1, 4, 12)
(1, 5, 8)
(1, 6, 24)
(1, 7, 6)
(1, 7, 15)
(1, 8, 12)
(1, 8, 40)
(1, 9, 24)
(1, 10, 60)
(1, 11, 9)
(1, 11, 16)
(1, 11, 35)
(1, 12, 84)
(1, 13, 48)
(1, 14, 8)
(1, 14, 20)
(1, 14, 36)
(1, 14, 112)
(1, 15, 12)
(1, 15, 30)
(1, 15, 63)
(1, 16, 144)
(1, 17, 24)
(1, 17, 80)
(1, 18, 180)
(1, 19, 15)
(1, 19, 21)
(1, 19, 48)
(1, 19, 99)
(1, 20, 20)
(1, 20, 28)
(1, 20, 72)
(1, 23, 18)
(1, 23, 32)
(1, 23, 45)
(1, 23, 70)
(1, 23, 143)
(1, 24, 60)
(1, 26, 36)
(1, 27, 21)
(1, 27, 45)
(1, 27, 96)
(1, 27, 195)
(1, 29, 16)
(1, 29, 40)
(1, 29, 72)
(1, 31, 24)
(1, 31, 60)
(1, 32, 44)
(1, 32, 56)
(1, 34, 84)
(1, 35, 27)
(1, 35, 48)
(1, 35, 77)
(1, 38, 52)
(1, 38, 80)
(1, 39, 30)
(1, 39, 42)
(1, 39, 75)
(1, 41, 40)
(1, 41, 56)
(1, 43, 33)
(1, 43, 117)
(1, 44, 24)
(1, 44, 28)
(1, 44, 60)
(1, 47, 36)
(1, 47, 55)
(1, 47, 64)
(1, 50, 68)
(1, 50, 140)
(1, 51, 39)
(1, 51, 165)
(1, 53, 72)
(1, 54, 48)
(1, 55, 33)
(1, 55, 42)
(1, 56, 76)
(1, 56, 176)
(1, 59, 32)
(1, 59, 45)
(1, 59, 63)
(1, 59, 80)
(1, 59, 91)
(1, 62, 60)
(1, 63, 48)
(1, 64, 72)
(1, 67, 51)
(1, 71, 54)
(1, 71, 65)
(1, 74, 40)
(1, 75, 57)
(1, 79, 60)
(1, 83, 187)
(1, 84, 132)
(1, 87, 105)
(1, 90, 60)
(1, 94, 168)
(1, 103, 153)
(1, 104, 88)
(1, 118, 120)
(1, 119, 119)
(1, 131, 85)
(1, 132, 156)
(1, 139, 171)
(1, 152, 104)
(1, 155, 133)
(1, 167, 95)
(1, 170, 140)
(2, 2, 3)
(2, 3, 12)
(2, 4, 8)
(2, 5, 24)
(2, 6, 6)
(2, 6, 15)
(2, 7, 12)
(2, 7, 40)
(2, 8, 24)
(2, 9, 60)
(2, 10, 9)
(2, 10, 16)
(2, 10, 35)
(2, 11, 84)
(2, 12, 48)
(2, 13, 8)
(2, 13, 20)
(2, 13, 36)
(2, 13, 112)
(2, 14, 12)
(2, 14, 30)
(2, 14, 63)
(2, 15, 144)
(2, 16, 24)
(2, 16, 80)
(2, 17, 180)
(2, 18, 15)
(2, 18, 21)
(2, 18, 48)
(2, 18, 99)
(2, 19, 20)
(2, 19, 28)
(2, 19, 72)
(2, 22, 18)
(2, 22, 32)
(2, 22, 45)
(2, 22, 70)
(2, 22, 143)
(2, 23, 60)
(2, 25, 36)
(2, 26, 21)
(2, 26, 45)
(2, 26, 96)
(2, 26, 195)
(2, 28, 16)
(2, 28, 40)
(2, 28, 72)
(2, 30, 24)
(2, 30, 60)
(2, 31, 44)
(2, 31, 56)
(2, 33, 84)
(2, 34, 27)
(2, 34, 48)
(2, 34, 77)
(2, 37, 52)
(2, 37, 80)
(2, 38, 30)
(2, 38, 42)
(2, 38, 75)
(2, 40, 40)
(2, 40, 56)
(2, 42, 33)
(2, 42, 117)
(2, 43, 24)
(2, 43, 28)
(2, 43, 60)
(2, 46, 36)
(2, 46, 55)
(2, 46, 64)
(2, 49, 68)
(2, 49, 140)
(2, 50, 39)
(2, 50, 165)
(2, 52, 72)
(2, 53, 48)
(2, 54, 33)
(2, 54, 42)
(2, 55, 76)
(2, 55, 176)
(2, 58, 32)
(2, 58, 45)
(2, 58, 63)
(2, 58, 80)
(2, 58, 91)
(2, 61, 60)
(2, 62, 48)
(2, 63, 72)
(2, 66, 51)
(2, 70, 54)
(2, 70, 65)
(2, 73, 40)
(2, 74, 57)
(2, 78, 60)
(2, 82, 187)
(2, 83, 132)
(2, 86, 105)
(2, 89, 60)
(2, 93, 168)
(2, 102, 153)
(2, 103, 88)
(2, 117, 120)
(2, 118, 119)
(2, 130, 85)
(2, 131, 156)
(2, 138, 171)
(2, 151, 104)
(2, 154, 133)
(2, 166, 95)
(2, 169, 140)
(3, 3, 8)
(3, 4, 24)
(3, 5, 6)
(3, 5, 15)
(3, 6, 12)
(3, 6, 40)
(3, 7, 24)
(3, 8, 60)
(3, 9, 9)
(3, 9, 16)
(3, 9, 35)
(3, 10, 84)
(3, 11, 48)
(3, 12, 8)
(3, 12, 20)
(3, 12, 36)
(3, 12, 112)
(3, 13, 12)
(3, 13, 30)
(3, 13, 63)
(3, 14, 144)
(3, 15, 24)
(3, 15, 80)
(3, 16, 180)
(3, 17, 15)
(3, 17, 21)
(3, 17, 48)
(3, 17, 99)
(3, 18, 20)
(3, 18, 28)
(3, 18, 72)
(3, 21, 18)
(3, 21, 32)
(3, 21, 45)
(3, 21, 70)
(3, 21, 143)
(3, 22, 60)
(3, 24, 36)
(3, 25, 21)
(3, 25, 45)
(3, 25, 96)
(3, 25, 195)
(3, 27, 16)
(3, 27, 40)
(3, 27, 72)
(3, 29, 24)
(3, 29, 60)
(3, 30, 44)
(3, 30, 56)
(3, 32, 84)
(3, 33, 27)
(3, 33, 48)
(3, 33, 77)
(3, 36, 52)
(3, 36, 80)
(3, 37, 30)
(3, 37, 42)
(3, 37, 75)
(3, 39, 40)
(3, 39, 56)
(3, 41, 33)
(3, 41, 117)
(3, 42, 24)
(3, 42, 28)
(3, 42, 60)
(3, 45, 36)
(3, 45, 55)
(3, 45, 64)
(3, 48, 68)
(3, 48, 140)
(3, 49, 39)
(3, 49, 165)
(3, 51, 72)
(3, 52, 48)
(3, 53, 33)
(3, 53, 42)
(3, 54, 76)
(3, 54, 176)
(3, 57, 32)
(3, 57, 45)
(3, 57, 63)
(3, 57, 80)
(3, 57, 91)
(3, 60, 60)
(3, 61, 48)
(3, 62, 72)
(3, 65, 51)
(3, 69, 54)
(3, 69, 65)
(3, 72, 40)
(3, 73, 57)
(3, 77, 60)
(3, 81, 187)
(3, 82, 132)
(3, 85, 105)
(3, 88, 60)
(3, 92, 168)
(3, 101, 153)
(3, 102, 88)
(3, 116, 120)
(3, 117, 119)
(3, 129, 85)
(3, 130, 156)
(3, 137, 171)
(3, 150, 104)
(3, 153, 133)
(3, 165, 95)
(3, 168, 140)
(4, 4, 6)
(4, 4, 15)
(4, 5, 12)
(4, 5, 40)
(4, 6, 24)
(4, 7, 60)
(4, 8, 9)
(4, 8, 16)
(4, 8, 35)
(4, 9, 84)
(4, 10, 48)
(4, 11, 8)
(4, 11, 20)
(4, 11, 36)
(4, 11, 112)
(4, 12, 12)
(4, 12, 30)
(4, 12, 63)
(4, 13, 144)
(4, 14, 24)
(4, 14, 80)
(4, 15, 180)
(4, 16, 15)
(4, 16, 21)
(4, 16, 48)
(4, 16, 99)
(4, 17, 20)
(4, 17, 28)
(4, 17, 72)
(4, 20, 18)
(4, 20, 32)
(4, 20, 45)
(4, 20, 70)
(4, 20, 143)
(4, 21, 60)
(4, 23, 36)
(4, 24, 21)
(4, 24, 45)
(4, 24, 96)
(4, 24, 195)
(4, 26, 16)
(4, 26, 40)
(4, 26, 72)
(4, 28, 24)
(4, 28, 60)
(4, 29, 44)
(4, 29, 56)
(4, 31, 84)
(4, 32, 27)
(4, 32, 48)
(4, 32, 77)
(4, 35, 52)
(4, 35, 80)
(4, 36, 30)
(4, 36, 42)
(4, 36, 75)
(4, 38, 40)
(4, 38, 56)
(4, 40, 33)
(4, 40, 117)
(4, 41, 24)
(4, 41, 28)
(4, 41, 60)
(4, 44, 36)
(4, 44, 55)
(4, 44, 64)
(4, 47, 68)
(4, 47, 140)
(4, 48, 39)
(4, 48, 165)
(4, 50, 72)
(4, 51, 48)
(4, 52, 33)
(4, 52, 42)
(4, 53, 76)
(4, 53, 176)
(4, 56, 32)
(4, 56, 45)
(4, 56, 63)
(4, 56, 80)
(4, 56, 91)
(4, 59, 60)
(4, 60, 48)
(4, 61, 72)
(4, 64, 51)
(4, 68, 54)
(4, 68, 65)
(4, 71, 40)
(4, 72, 57)
(4, 76, 60)
(4, 80, 187)
(4, 81, 132)
(4, 84, 105)
(4, 87, 60)
(4, 91, 168)
(4, 100, 153)
(4, 101, 88)
(4, 115, 120)
(4, 116, 119)
(4, 128, 85)
(4, 129, 156)
(4, 136, 171)
(4, 149, 104)
(4, 152, 133)
(4, 164, 95)
(4, 167, 140)
(5, 5, 24)
(5, 6, 60)
(5, 7, 9)
(5, 7, 16)
(5, 7, 35)
(5, 8, 84)
(5, 9, 48)
(5, 10, 8)
(5, 10, 20)
(5, 10, 36)
(5, 10, 112)
(5, 11, 12)
(5, 11, 30)
(5, 11, 63)
(5, 12, 144)
(5, 13, 24)
(5, 13, 80)
(5, 14, 180)
(5, 15, 15)
(5, 15, 21)
(5, 15, 48)
(5, 15, 99)
(5, 16, 20)
(5, 16, 28)
(5, 16, 72)
(5, 19, 18)
(5, 19, 32)
(5, 19, 45)
(5, 19, 70)
(5, 19, 143)
(5, 20, 60)
(5, 22, 36)
(5, 23, 21)
(5, 23, 45)
(5, 23, 96)
(5, 23, 195)
(5, 25, 16)
(5, 25, 40)
(5, 25, 72)
(5, 27, 24)
(5, 27, 60)
(5, 28, 44)
(5, 28, 56)
(5, 30, 84)
(5, 31, 27)
(5, 31, 48)
(5, 31, 77)
(5, 34, 52)
(5, 34, 80)
(5, 35, 30)
(5, 35, 42)
(5, 35, 75)
(5, 37, 40)
(5, 37, 56)
(5, 39, 33)
(5, 39, 117)
(5, 40, 24)
(5, 40, 28)
(5, 40, 60)
(5, 43, 36)
(5, 43, 55)
(5, 43, 64)
(5, 46, 68)
(5, 46, 140)
(5, 47, 39)
(5, 47, 165)
(5, 49, 72)
(5, 50, 48)
(5, 51, 33)
(5, 51, 42)
(5, 52, 76)
(5, 52, 176)
(5, 55, 32)
(5, 55, 45)
(5, 55, 63)
(5, 55, 80)
(5, 55, 91)
(5, 58, 60)
(5, 59, 48)
(5, 60, 72)
(5, 63, 51)
(5, 67, 54)
(5, 67, 65)
(5, 70, 40)
(5, 71, 57)
(5, 75, 60)
(5, 79, 187)
(5, 80, 132)
(5, 83, 105)
(5, 86, 60)
(5, 90, 168)
(5, 99, 153)
(5, 100, 88)
(5, 114, 120)
(5, 115, 119)
(5, 127, 85)
(5, 128, 156)
(5, 135, 171)
(5, 148, 104)
(5, 151, 133)
(5, 163, 95)
(5, 166, 140)
(6, 6, 9)
(6, 6, 16)
(6, 6, 35)
(6, 7, 84)
(6, 8, 48)
(6, 9, 8)
(6, 9, 20)
(6, 9, 36)
(6, 9, 112)
(6, 10, 12)
(6, 10, 30)
(6, 10, 63)
(6, 11, 144)
(6, 12, 24)
(6, 12, 80)
(6, 13, 180)
(6, 14, 15)
(6, 14, 21)
(6, 14, 48)
(6, 14, 99)
(6, 15, 20)
(6, 15, 28)
(6, 15, 72)
(6, 18, 18)
(6, 18, 32)
(6, 18, 45)
(6, 18, 70)
(6, 18, 143)
(6, 19, 60)
(6, 21, 36)
(6, 22, 21)
(6, 22, 45)
(6, 22, 96)
(6, 22, 195)
(6, 24, 16)
(6, 24, 40)
(6, 24, 72)
(6, 26, 24)
(6, 26, 60)
(6, 27, 44)
(6, 27, 56)
(6, 29, 84)
(6, 30, 27)
(6, 30, 48)
(6, 30, 77)
(6, 33, 52)
(6, 33, 80)
(6, 34, 30)
(6, 34, 42)
(6, 34, 75)
(6, 36, 40)
(6, 36, 56)
(6, 38, 33)
(6, 38, 117)
(6, 39, 24)
(6, 39, 28)
(6, 39, 60)
(6, 42, 36)
(6, 42, 55)
(6, 42, 64)
(6, 45, 68)
(6, 45, 140)
(6, 46, 39)
(6, 46, 165)
(6, 48, 72)
(6, 49, 48)
(6, 50, 33)
(6, 50, 42)
(6, 51, 76)
(6, 51, 176)
(6, 54, 32)
(6, 54, 45)
(6, 54, 63)
(6, 54, 80)
(6, 54, 91)
(6, 57, 60)
(6, 58, 48)
(6, 59, 72)
(6, 62, 51)
(6, 66, 54)
(6, 66, 65)
(6, 69, 40)
(6, 70, 57)
(6, 74, 60)
(6, 78, 187)
(6, 79, 132)
(6, 82, 105)
(6, 85, 60)
(6, 89, 168)
(6, 98, 153)
(6, 99, 88)
(6, 113, 120)
(6, 114, 119)
(6, 126, 85)
(6, 127, 156)
(6, 134, 171)
(6, 147, 104)
(6, 150, 133)
(6, 162, 95)
(6, 165, 140)
(7, 7, 48)
(7, 8, 8)
(7, 8, 20)
(7, 8, 36)
(7, 8, 112)
(7, 9, 12)
(7, 9, 30)
(7, 9, 63)
(7, 10, 144)
(7, 11, 24)
(7, 11, 80)
(7, 12, 180)
(7, 13, 15)
(7, 13, 21)
(7, 13, 48)
(7, 13, 99)
(7, 14, 20)
(7, 14, 28)
(7, 14, 72)
(7, 17, 18)
(7, 17, 32)
(7, 17, 45)
(7, 17, 70)
(7, 17, 143)
(7, 18, 60)
(7, 20, 36)
(7, 21, 21)
(7, 21, 45)
(7, 21, 96)
(7, 21, 195)
(7, 23, 16)
(7, 23, 40)
(7, 23, 72)
(7, 25, 24)
(7, 25, 60)
(7, 26, 44)
(7, 26, 56)
(7, 28, 84)
(7, 29, 27)
(7, 29, 48)
(7, 29, 77)
(7, 32, 52)
(7, 32, 80)
(7, 33, 30)
(7, 33, 42)
(7, 33, 75)
(7, 35, 40)
(7, 35, 56)
(7, 37, 33)
(7, 37, 117)
(7, 38, 24)
(7, 38, 28)
(7, 38, 60)
(7, 41, 36)
(7, 41, 55)
(7, 41, 64)
(7, 44, 68)
(7, 44, 140)
(7, 45, 39)
(7, 45, 165)
(7, 47, 72)
(7, 48, 48)
(7, 49, 33)
(7, 49, 42)
(7, 50, 76)
(7, 50, 176)
(7, 53, 32)
(7, 53, 45)
(7, 53, 63)
(7, 53, 80)
(7, 53, 91)
(7, 56, 60)
(7, 57, 48)
(7, 58, 72)
(7, 61, 51)
(7, 65, 54)
(7, 65, 65)
(7, 68, 40)
(7, 69, 57)
(7, 73, 60)
(7, 77, 187)
(7, 78, 132)
(7, 81, 105)
(7, 84, 60)
(7, 88, 168)
(7, 97, 153)
(7, 98, 88)
(7, 112, 120)
(7, 113, 119)
(7, 125, 85)
(7, 126, 156)
(7, 133, 171)
(7, 146, 104)
(7, 149, 133)
(7, 161, 95)
(7, 164, 140)
(8, 8, 12)
(8, 8, 30)
(8, 8, 63)
(8, 9, 144)
(8, 10, 24)
(8, 10, 80)
(8, 11, 180)
(8, 12, 15)
(8, 12, 21)
(8, 12, 48)
(8, 12, 99)
(8, 13, 20)
(8, 13, 28)
(8, 13, 72)
(8, 16, 18)
(8, 16, 32)
(8, 16, 45)
(8, 16, 70)
(8, 16, 143)
(8, 17, 60)
(8, 19, 36)
(8, 20, 21)
(8, 20, 45)
(8, 20, 96)
(8, 20, 195)
(8, 22, 16)
(8, 22, 40)
(8, 22, 72)
(8, 24, 24)
(8, 24, 60)
(8, 25, 44)
(8, 25, 56)
(8, 27, 84)
(8, 28, 27)
(8, 28, 48)
(8, 28, 77)
(8, 31, 52)
(8, 31, 80)
(8, 32, 30)
(8, 32, 42)
(8, 32, 75)
(8, 34, 40)
(8, 34, 56)
(8, 36, 33)
(8, 36, 117)
(8, 37, 24)
(8, 37, 28)
(8, 37, 60)
(8, 40, 36)
(8, 40, 55)
(8, 40, 64)
(8, 43, 68)
(8, 43, 140)
(8, 44, 39)
(8, 44, 165)
(8, 46, 72)
(8, 47, 48)
(8, 48, 33)
(8, 48, 42)
(8, 49, 76)
(8, 49, 176)
(8, 52, 32)
(8, 52, 45)
(8, 52, 63)
(8, 52, 80)
(8, 52, 91)
(8, 55, 60)
(8, 56, 48)
(8, 57, 72)
(8, 60, 51)
(8, 64, 54)
(8, 64, 65)
(8, 67, 40)
(8, 68, 57)
(8, 72, 60)
(8, 76, 187)
(8, 77, 132)
(8, 80, 105)
(8, 83, 60)
(8, 87, 168)
(8, 96, 153)
(8, 97, 88)
(8, 111, 120)
(8, 112, 119)
(8, 124, 85)
(8, 125, 156)
(8, 132, 171)
(8, 145, 104)
(8, 148, 133)
(8, 160, 95)
(8, 163, 140)
(9, 9, 24)
(9, 9, 80)
(9, 10, 180)
(9, 11, 15)
(9, 11, 21)
(9, 11, 48)
(9, 11, 99)
(9, 12, 20)
(9, 12, 28)
(9, 12, 72)
(9, 15, 18)
(9, 15, 32)
(9, 15, 45)
(9, 15, 70)
(9, 15, 143)
(9, 16, 60)
(9, 18, 36)
(9, 19, 21)
(9, 19, 45)
(9, 19, 96)
(9, 19, 195)
(9, 21, 16)
(9, 21, 40)
(9, 21, 72)
(9, 23, 24)
(9, 23, 60)
(9, 24, 44)
(9, 24, 56)
(9, 26, 84)
(9, 27, 27)
(9, 27, 48)
(9, 27, 77)
(9, 30, 52)
(9, 30, 80)
(9, 31, 30)
(9, 31, 42)
(9, 31, 75)
(9, 33, 40)
(9, 33, 56)
(9, 35, 33)
(9, 35, 117)
(9, 36, 24)
(9, 36, 28)
(9, 36, 60)
(9, 39, 36)
(9, 39, 55)
(9, 39, 64)
(9, 42, 68)
(9, 42, 140)
(9, 43, 39)
(9, 43, 165)
(9, 45, 72)
(9, 46, 48)
(9, 47, 33)
(9, 47, 42)
(9, 48, 76)
(9, 48, 176)
(9, 51, 32)
(9, 51, 45)
(9, 51, 63)
(9, 51, 80)
(9, 51, 91)
(9, 54, 60)
(9, 55, 48)
(9, 56, 72)
(9, 59, 51)
(9, 63, 54)
(9, 63, 65)
(9, 66, 40)
(9, 67, 57)
(9, 71, 60)
(9, 75, 187)
(9, 76, 132)
(9, 79, 105)
(9, 82, 60)
(9, 86, 168)
(9, 95, 153)
(9, 96, 88)
(9, 110, 120)
(9, 111, 119)
(9, 123, 85)
(9, 124, 156)
(9, 131, 171)
(9, 144, 104)
(9, 147, 133)
(9, 159, 95)
(9, 162, 140)
(10, 10, 15)
(10, 10, 21)
(10, 10, 48)
(10, 10, 99)
(10, 11, 20)
(10, 11, 28)
(10, 11, 72)
(10, 14, 18)
(10, 14, 32)
(10, 14, 45)
(10, 14, 70)
(10, 14, 143)
(10, 15, 60)
(10, 17, 36)
(10, 18, 21)
(10, 18, 45)
(10, 18, 96)
(10, 18, 195)
(10, 20, 16)
(10, 20, 40)
(10, 20, 72)
(10, 22, 24)
(10, 22, 60)
(10, 23, 44)
(10, 23, 56)
(10, 25, 84)
(10, 26, 27)
(10, 26, 48)
(10, 26, 77)
(10, 29, 52)
(10, 29, 80)
(10, 30, 30)
(10, 30, 42)
(10, 30, 75)
(10, 32, 40)
(10, 32, 56)
(10, 34, 33)
(10, 34, 117)
(10, 35, 24)
(10, 35, 28)
(10, 35, 60)
(10, 38, 36)
(10, 38, 55)
(10, 38, 64)
(10, 41, 68)
(10, 41, 140)
(10, 42, 39)
(10, 42, 165)
(10, 44, 72)
(10, 45, 48)
(10, 46, 33)
(10, 46, 42)
(10, 47, 76)
(10, 47, 176)
(10, 50, 32)
(10, 50, 45)
(10, 50, 63)
(10, 50, 80)
(10, 50, 91)
(10, 53, 60)
(10, 54, 48)
(10, 55, 72)
(10, 58, 51)
(10, 62, 54)
(10, 62, 65)
(10, 65, 40)
(10, 66, 57)
(10, 70, 60)
(10, 74, 187)
(10, 75, 132)
(10, 78, 105)
(10, 81, 60)
(10, 85, 168)
(10, 94, 153)
(10, 95, 88)
(10, 109, 120)
(10, 110, 119)
(10, 122, 85)
(10, 123, 156)
(10, 130, 171)
(10, 143, 104)
(10, 146, 133)
(10, 158, 95)
(10, 161, 140)
(11, 13, 18)
(11, 13, 32)
(11, 13, 45)
(11, 13, 70)
(11, 13, 143)
(11, 14, 60)
(11, 16, 36)
(11, 17, 21)
(11, 17, 45)
(11, 17, 96)
(11, 17, 195)
(11, 19, 16)
(11, 19, 40)
(11, 19, 72)
(11, 21, 24)
(11, 21, 60)
(11, 22, 44)
(11, 22, 56)
(11, 24, 84)
(11, 25, 27)
(11, 25, 48)
(11, 25, 77)
(11, 28, 52)
(11, 28, 80)
(11, 29, 30)
(11, 29, 42)
(11, 29, 75)
(11, 31, 40)
(11, 31, 56)
(11, 33, 33)
(11, 33, 117)
(11, 34, 24)
(11, 34, 28)
(11, 34, 60)
(11, 37, 36)
(11, 37, 55)
(11, 37, 64)
(11, 40, 68)
(11, 40, 140)
(11, 41, 39)
(11, 41, 165)
(11, 43, 72)
(11, 44, 48)
(11, 45, 33)
(11, 45, 42)
(11, 46, 76)
(11, 46, 176)
(11, 49, 32)
(11, 49, 45)
(11, 49, 63)
(11, 49, 80)
(11, 49, 91)
(11, 52, 60)
(11, 53, 48)
(11, 54, 72)
(11, 57, 51)
(11, 61, 54)
(11, 61, 65)
(11, 64, 40)
(11, 65, 57)
(11, 69, 60)
(11, 73, 187)
(11, 74, 132)
(11, 77, 105)
(11, 80, 60)
(11, 84, 168)
(11, 93, 153)
(11, 94, 88)
(11, 108, 120)
(11, 109, 119)
(11, 121, 85)
(11, 122, 156)
(11, 129, 171)
(11, 142, 104)
(11, 145, 133)
(11, 157, 95)
(11, 160, 140)
(12, 12, 18)
(12, 12, 32)
(12, 12, 45)
(12, 12, 70)
(12, 12, 143)
(12, 13, 60)
(12, 15, 36)
(12, 16, 21)
(12, 16, 45)
(12, 16, 96)
(12, 16, 195)
(12, 18, 16)
(12, 18, 40)
(12, 18, 72)
(12, 20, 24)
(12, 20, 60)
(12, 21, 44)
(12, 21, 56)
(12, 23, 84)
(12, 24, 27)
(12, 24, 48)
(12, 24, 77)
(12, 27, 52)
(12, 27, 80)
(12, 28, 30)
(12, 28, 42)
(12, 28, 75)
(12, 30, 40)
(12, 30, 56)
(12, 32, 33)
(12, 32, 117)
(12, 33, 24)
(12, 33, 28)
(12, 33, 60)
(12, 36, 36)
(12, 36, 55)
(12, 36, 64)
(12, 39, 68)
(12, 39, 140)
(12, 40, 39)
(12, 40, 165)
(12, 42, 72)
(12, 43, 48)
(12, 44, 33)
(12, 44, 42)
(12, 45, 76)
(12, 45, 176)
(12, 48, 32)
(12, 48, 45)
(12, 48, 63)
(12, 48, 80)
(12, 48, 91)
(12, 51, 60)
(12, 52, 48)
(12, 53, 72)
(12, 56, 51)
(12, 60, 54)
(12, 60, 65)
(12, 63, 40)
(12, 64, 57)
(12, 68, 60)
(12, 72, 187)
(12, 73, 132)
(12, 76, 105)
(12, 79, 60)
(12, 83, 168)
(12, 92, 153)
(12, 93, 88)
(12, 107, 120)
(12, 108, 119)
(12, 120, 85)
(12, 121, 156)
(12, 128, 171)
(12, 141, 104)
(12, 144, 133)
(12, 156, 95)
(12, 159, 140)
(13, 14, 36)
(13, 15, 21)
(13, 15, 45)
(13, 15, 96)
(13, 15, 195)
(13, 17, 16)
(13, 17, 40)
(13, 17, 72)
(13, 19, 24)
(13, 19, 60)
(13, 20, 44)
(13, 20, 56)
(13, 22, 84)
(13, 23, 27)
(13, 23, 48)
(13, 23, 77)
(13, 26, 52)
(13, 26, 80)
(13, 27, 30)
(13, 27, 42)
(13, 27, 75)
(13, 29, 40)
(13, 29, 56)
(13, 31, 33)
(13, 31, 117)
(13, 32, 24)
(13, 32, 28)
(13, 32, 60)
(13, 35, 36)
(13, 35, 55)
(13, 35, 64)
(13, 38, 68)
(13, 38, 140)
(13, 39, 39)
(13, 39, 165)
(13, 41, 72)
(13, 42, 48)
(13, 43, 33)
(13, 43, 42)
(13, 44, 76)
(13, 44, 176)
(13, 47, 32)
(13, 47, 45)
(13, 47, 63)
(13, 47, 80)
(13, 47, 91)
(13, 50, 60)
(13, 51, 48)
(13, 52, 72)
(13, 55, 51)
(13, 59, 54)
(13, 59, 65)
(13, 62, 40)
(13, 63, 57)
(13, 67, 60)
(13, 71, 187)
(13, 72, 132)
(13, 75, 105)
(13, 78, 60)
(13, 82, 168)
(13, 91, 153)
(13, 92, 88)
(13, 106, 120)
(13, 107, 119)
(13, 119, 85)
(13, 120, 156)
(13, 127, 171)
(13, 140, 104)
(13, 143, 133)
(13, 155, 95)
(13, 158, 140)
(14, 14, 21)
(14, 14, 45)
(14, 14, 96)
(14, 14, 195)
(14, 16, 16)
(14, 16, 40)
(14, 16, 72)
(14, 18, 24)
(14, 18, 60)
(14, 19, 44)
(14, 19, 56)
(14, 21, 84)
(14, 22, 27)
(14, 22, 48)
(14, 22, 77)
(14, 25, 52)
(14, 25, 80)
(14, 26, 30)
(14, 26, 42)
(14, 26, 75)
(14, 28, 40)
(14, 28, 56)
(14, 30, 33)
(14, 30, 117)
(14, 31, 24)
(14, 31, 28)
(14, 31, 60)
(14, 34, 36)
(14, 34, 55)
(14, 34, 64)
(14, 37, 68)
(14, 37, 140)
(14, 38, 39)
(14, 38, 165)
(14, 40, 72)
(14, 41, 48)
(14, 42, 33)
(14, 42, 42)
(14, 43, 76)
(14, 43, 176)
(14, 46, 32)
(14, 46, 45)
(14, 46, 63)
(14, 46, 80)
(14, 46, 91)
(14, 49, 60)
(14, 50, 48)
(14, 51, 72)
(14, 54, 51)
(14, 58, 54)
(14, 58, 65)
(14, 61, 40)
(14, 62, 57)
(14, 66, 60)
(14, 70, 187)
(14, 71, 132)
(14, 74, 105)
(14, 77, 60)
(14, 81, 168)
(14, 90, 153)
(14, 91, 88)
(14, 105, 120)
(14, 106, 119)
(14, 118, 85)
(14, 119, 156)
(14, 126, 171)
(14, 139, 104)
(14, 142, 133)
(14, 154, 95)
(14, 157, 140)
(15, 15, 16)
(15, 15, 40)
(15, 15, 72)
(15, 17, 24)
(15, 17, 60)
(15, 18, 44)
(15, 18, 56)
(15, 20, 84)
(15, 21, 27)
(15, 21, 48)
(15, 21, 77)
(15, 24, 52)
(15, 24, 80)
(15, 25, 30)
(15, 25, 42)
(15, 25, 75)
(15, 27, 40)
(15, 27, 56)
(15, 29, 33)
(15, 29, 117)
(15, 30, 24)
(15, 30, 28)
(15, 30, 60)
(15, 33, 36)
(15, 33, 55)
(15, 33, 64)
(15, 36, 68)
(15, 36, 140)
(15, 37, 39)
(15, 37, 165)
(15, 39, 72)
(15, 40, 48)
(15, 41, 33)
(15, 41, 42)
(15, 42, 76)
(15, 42, 176)
(15, 45, 32)
(15, 45, 45)
(15, 45, 63)
(15, 45, 80)
(15, 45, 91)
(15, 48, 60)
(15, 49, 48)
(15, 50, 72)
(15, 53, 51)
(15, 57, 54)
(15, 57, 65)
(15, 60, 40)
(15, 61, 57)
(15, 65, 60)
(15, 69, 187)
(15, 70, 132)
(15, 73, 105)
(15, 76, 60)
(15, 80, 168)
(15, 89, 153)
(15, 90, 88)
(15, 104, 120)
(15, 105, 119)
(15, 117, 85)
(15, 118, 156)
(15, 125, 171)
(15, 138, 104)
(15, 141, 133)
(15, 153, 95)
(15, 156, 140)
(16, 16, 24)
(16, 16, 60)
(16, 17, 44)
(16, 17, 56)
(16, 19, 84)
(16, 20, 27)
(16, 20, 48)
(16, 20, 77)
(16, 23, 52)
(16, 23, 80)
(16, 24, 30)
(16, 24, 42)
(16, 24, 75)
(16, 26, 40)
(16, 26, 56)
(16, 28, 33)
(16, 28, 117)
(16, 29, 24)
(16, 29, 28)
(16, 29, 60)
(16, 32, 36)
(16, 32, 55)
(16, 32, 64)
(16, 35, 68)
(16, 35, 140)
(16, 36, 39)
(16, 36, 165)
(16, 38, 72)
(16, 39, 48)
(16, 40, 33)
(16, 40, 42)
(16, 41, 76)
(16, 41, 176)
(16, 44, 32)
(16, 44, 45)
(16, 44, 63)
(16, 44, 80)
(16, 44, 91)
(16, 47, 60)
(16, 48, 48)
(16, 49, 72)
(16, 52, 51)
(16, 56, 54)
(16, 56, 65)
(16, 59, 40)
(16, 60, 57)
(16, 64, 60)
(16, 68, 187)
(16, 69, 132)
(16, 72, 105)
(16, 75, 60)
(16, 79, 168)
(16, 88, 153)
(16, 89, 88)
(16, 103, 120)
(16, 104, 119)
(16, 116, 85)
(16, 117, 156)
(16, 124, 171)
(16, 137, 104)
(16, 140, 133)
(16, 152, 95)
(16, 155, 140)
(17, 18, 84)
(17, 19, 27)
(17, 19, 48)
(17, 19, 77)
(17, 22, 52)
(17, 22, 80)
(17, 23, 30)
(17, 23, 42)
(17, 23, 75)
(17, 25, 40)
(17, 25, 56)
(17, 27, 33)
(17, 27, 117)
(17, 28, 24)
(17, 28, 28)
(17, 28, 60)
(17, 31, 36)
(17, 31, 55)
(17, 31, 64)
(17, 34, 68)
(17, 34, 140)
(17, 35, 39)
(17, 35, 165)
(17, 37, 72)
(17, 38, 48)
(17, 39, 33)
(17, 39, 42)
(17, 40, 76)
(17, 40, 176)
(17, 43, 32)
(17, 43, 45)
(17, 43, 63)
(17, 43, 80)
(17, 43, 91)
(17, 46, 60)
(17, 47, 48)
(17, 48, 72)
(17, 51, 51)
(17, 55, 54)
(17, 55, 65)
(17, 58, 40)
(17, 59, 57)
(17, 63, 60)
(17, 67, 187)
(17, 68, 132)
(17, 71, 105)
(17, 74, 60)
(17, 78, 168)
(17, 87, 153)
(17, 88, 88)
(17, 102, 120)
(17, 103, 119)
(17, 115, 85)
(17, 116, 156)
(17, 123, 171)
(17, 136, 104)
(17, 139, 133)
(17, 151, 95)
(17, 154, 140)
(18, 18, 27)
(18, 18, 48)
(18, 18, 77)
(18, 21, 52)
(18, 21, 80)
(18, 22, 30)
(18, 22, 42)
(18, 22, 75)
(18, 24, 40)
(18, 24, 56)
(18, 26, 33)
(18, 26, 117)
(18, 27, 24)
(18, 27, 28)
(18, 27, 60)
(18, 30, 36)
(18, 30, 55)
(18, 30, 64)
(18, 33, 68)
(18, 33, 140)
(18, 34, 39)
(18, 34, 165)
(18, 36, 72)
(18, 37, 48)
(18, 38, 33)
(18, 38, 42)
(18, 39, 76)
(18, 39, 176)
(18, 42, 32)
(18, 42, 45)
(18, 42, 63)
(18, 42, 80)
(18, 42, 91)
(18, 45, 60)
(18, 46, 48)
(18, 47, 72)
(18, 50, 51)
(18, 54, 54)
(18, 54, 65)
(18, 57, 40)
(18, 58, 57)
(18, 62, 60)
(18, 66, 187)
(18, 67, 132)
(18, 70, 105)
(18, 73, 60)
(18, 77, 168)
(18, 86, 153)
(18, 87, 88)
(18, 101, 120)
(18, 102, 119)
(18, 114, 85)
(18, 115, 156)
(18, 122, 171)
(18, 135, 104)
(18, 138, 133)
(18, 150, 95)
(18, 153, 140)
(19, 20, 52)
(19, 20, 80)
(19, 21, 30)
(19, 21, 42)
(19, 21, 75)
(19, 23, 40)
(19, 23, 56)
(19, 25, 33)
(19, 25, 117)
(19, 26, 24)
(19, 26, 28)
(19, 26, 60)
(19, 29, 36)
(19, 29, 55)
(19, 29, 64)
(19, 32, 68)
(19, 32, 140)
(19, 33, 39)
(19, 33, 165)
(19, 35, 72)
(19, 36, 48)
(19, 37, 33)
(19, 37, 42)
(19, 38, 76)
(19, 38, 176)
(19, 41, 32)
(19, 41, 45)
(19, 41, 63)
(19, 41, 80)
(19, 41, 91)
(19, 44, 60)
(19, 45, 48)
(19, 46, 72)
(19, 49, 51)
(19, 53, 54)
(19, 53, 65)
(19, 56, 40)
(19, 57, 57)
(19, 61, 60)
(19, 65, 187)
(19, 66, 132)
(19, 69, 105)
(19, 72, 60)
(19, 76, 168)
(19, 85, 153)
(19, 86, 88)
(19, 100, 120)
(19, 101, 119)
(19, 113, 85)
(19, 114, 156)
(19, 121, 171)
(19, 134, 104)
(19, 137, 133)
(19, 149, 95)
(19, 152, 140)
(20, 20, 30)
(20, 20, 42)
(20, 20, 75)
(20, 22, 40)
(20, 22, 56)
(20, 24, 33)
(20, 24, 117)
(20, 25, 24)
(20, 25, 28)
(20, 25, 60)
(20, 28, 36)
(20, 28, 55)
(20, 28, 64)
(20, 31, 68)
(20, 31, 140)
(20, 32, 39)
(20, 32, 165)
(20, 34, 72)
(20, 35, 48)
(20, 36, 33)
(20, 36, 42)
(20, 37, 76)
(20, 37, 176)
(20, 40, 32)
(20, 40, 45)
(20, 40, 63)
(20, 40, 80)
(20, 40, 91)
(20, 43, 60)
(20, 44, 48)
(20, 45, 72)
(20, 48, 51)
(20, 52, 54)
(20, 52, 65)
(20, 55, 40)
(20, 56, 57)
(20, 60, 60)
(20, 64, 187)
(20, 65, 132)
(20, 68, 105)
(20, 71, 60)
(20, 75, 168)
(20, 84, 153)
(20, 85, 88)
(20, 99, 120)
(20, 100, 119)
(20, 112, 85)
(20, 113, 156)
(20, 120, 171)
(20, 133, 104)
(20, 136, 133)
(20, 148, 95)
(20, 151, 140)
(21, 21, 40)
(21, 21, 56)
(21, 23, 33)
(21, 23, 117)
(21, 24, 24)
(21, 24, 28)
(21, 24, 60)
(21, 27, 36)
(21, 27, 55)
(21, 27, 64)
(21, 30, 68)
(21, 30, 140)
(21, 31, 39)
(21, 31, 165)
(21, 33, 72)
(21, 34, 48)
(21, 35, 33)
(21, 35, 42)
(21, 36, 76)
(21, 36, 176)
(21, 39, 32)
(21, 39, 45)
(21, 39, 63)
(21, 39, 80)
(21, 39, 91)
(21, 42, 60)
(21, 43, 48)
(21, 44, 72)
(21, 47, 51)
(21, 51, 54)
(21, 51, 65)
(21, 54, 40)
(21, 55, 57)
(21, 59, 60)
(21, 63, 187)
(21, 64, 132)
(21, 67, 105)
(21, 70, 60)
(21, 74, 168)
(21, 83, 153)
(21, 84, 88)
(21, 98, 120)
(21, 99, 119)
(21, 111, 85)
(21, 112, 156)
(21, 119, 171)
(21, 132, 104)
(21, 135, 133)
(21, 147, 95)
(21, 150, 140)
(22, 22, 33)
(22, 22, 117)
(22, 23, 24)
(22, 23, 28)
(22, 23, 60)
(22, 26, 36)
(22, 26, 55)
(22, 26, 64)
(22, 29, 68)
(22, 29, 140)
(22, 30, 39)
(22, 30, 165)
(22, 32, 72)
(22, 33, 48)
(22, 34, 33)
(22, 34, 42)
(22, 35, 76)
(22, 35, 176)
(22, 38, 32)
(22, 38, 45)
(22, 38, 63)
(22, 38, 80)
(22, 38, 91)
(22, 41, 60)
(22, 42, 48)
(22, 43, 72)
(22, 46, 51)
(22, 50, 54)
(22, 50, 65)
(22, 53, 40)
(22, 54, 57)
(22, 58, 60)
(22, 62, 187)
(22, 63, 132)
(22, 66, 105)
(22, 69, 60)
(22, 73, 168)
(22, 82, 153)
(22, 83, 88)
(22, 97, 120)
(22, 98, 119)
(22, 110, 85)
(22, 111, 156)
(22, 118, 171)
(22, 131, 104)
(22, 134, 133)
(22, 146, 95)
(22, 149, 140)
(23, 25, 36)
(23, 25, 55)
(23, 25, 64)
(23, 28, 68)
(23, 28, 140)
(23, 29, 39)
(23, 29, 165)
(23, 31, 72)
(23, 32, 48)
(23, 33, 33)
(23, 33, 42)
(23, 34, 76)
(23, 34, 176)
(23, 37, 32)
(23, 37, 45)
(23, 37, 63)
(23, 37, 80)
(23, 37, 91)
(23, 40, 60)
(23, 41, 48)
(23, 42, 72)
(23, 45, 51)
(23, 49, 54)
(23, 49, 65)
(23, 52, 40)
(23, 53, 57)
(23, 57, 60)
(23, 61, 187)
(23, 62, 132)
(23, 65, 105)
(23, 68, 60)
(23, 72, 168)
(23, 81, 153)
(23, 82, 88)
(23, 96, 120)
(23, 97, 119)
(23, 109, 85)
(23, 110, 156)
(23, 117, 171)
(23, 130, 104)
(23, 133, 133)
(23, 145, 95)
(23, 148, 140)
(24, 24, 36)
(24, 24, 55)
(24, 24, 64)
(24, 27, 68)
(24, 27, 140)
(24, 28, 39)
(24, 28, 165)
(24, 30, 72)
(24, 31, 48)
(24, 32, 33)
(24, 32, 42)
(24, 33, 76)
(24, 33, 176)
(24, 36, 32)
(24, 36, 45)
(24, 36, 63)
(24, 36, 80)
(24, 36, 91)
(24, 39, 60)
(24, 40, 48)
(24, 41, 72)
(24, 44, 51)
(24, 48, 54)
(24, 48, 65)
(24, 51, 40)
(24, 52, 57)
(24, 56, 60)
(24, 60, 187)
(24, 61, 132)
(24, 64, 105)
(24, 67, 60)
(24, 71, 168)
(24, 80, 153)
(24, 81, 88)
(24, 95, 120)
(24, 96, 119)
(24, 108, 85)
(24, 109, 156)
(24, 116, 171)
(24, 129, 104)
(24, 132, 133)
(24, 144, 95)
(24, 147, 140)
(25, 26, 68)
(25, 26, 140)
(25, 27, 39)
(25, 27, 165)
(25, 29, 72)
(25, 30, 48)
(25, 31, 33)
(25, 31, 42)
(25, 32, 76)
(25, 32, 176)
(25, 35, 32)
(25, 35, 45)
(25, 35, 63)
(25, 35, 80)
(25, 35, 91)
(25, 38, 60)
(25, 39, 48)
(25, 40, 72)
(25, 43, 51)
(25, 47, 54)
(25, 47, 65)
(25, 50, 40)
(25, 51, 57)
(25, 55, 60)
(25, 59, 187)
(25, 60, 132)
(25, 63, 105)
(25, 66, 60)
(25, 70, 168)
(25, 79, 153)
(25, 80, 88)
(25, 94, 120)
(25, 95, 119)
(25, 107, 85)
(25, 108, 156)
(25, 115, 171)
(25, 128, 104)
(25, 131, 133)
(25, 143, 95)
(25, 146, 140)
(26, 26, 39)
(26, 26, 165)
(26, 28, 72)
(26, 29, 48)
(26, 30, 33)
(26, 30, 42)
(26, 31, 76)
(26, 31, 176)
(26, 34, 32)
(26, 34, 45)
(26, 34, 63)
(26, 34, 80)
(26, 34, 91)
(26, 37, 60)
(26, 38, 48)
(26, 39, 72)
(26, 42, 51)
(26, 46, 54)
(26, 46, 65)
(26, 49, 40)
(26, 50, 57)
(26, 54, 60)
(26, 58, 187)
(26, 59, 132)
(26, 62, 105)
(26, 65, 60)
(26, 69, 168)
(26, 78, 153)
(26, 79, 88)
(26, 93, 120)
(26, 94, 119)
(26, 106, 85)
(26, 107, 156)
(26, 114, 171)
(26, 127, 104)
(26, 130, 133)
(26, 142, 95)
(26, 145, 140)
(27, 27, 72)
(27, 28, 48)
(27, 29, 33)
(27, 29, 42)
(27, 30, 76)
(27, 30, 176)
(27, 33, 32)
(27, 33, 45)
(27, 33, 63)
(27, 33, 80)
(27, 33, 91)
(27, 36, 60)
(27, 37, 48)
(27, 38, 72)
(27, 41, 51)
(27, 45, 54)
(27, 45, 65)
(27, 48, 40)
(27, 49, 57)
(27, 53, 60)
(27, 57, 187)
(27, 58, 132)
(27, 61, 105)
(27, 64, 60)
(27, 68, 168)
(27, 77, 153)
(27, 78, 88)
(27, 92, 120)
(27, 93, 119)
(27, 105, 85)
(27, 106, 156)
(27, 113, 171)
(27, 126, 104)
(27, 129, 133)
(27, 141, 95)
(27, 144, 140)
(28, 28, 33)
(28, 28, 42)
(28, 29, 76)
(28, 29, 176)
(28, 32, 32)
(28, 32, 45)
(28, 32, 63)
(28, 32, 80)
(28, 32, 91)
(28, 35, 60)
(28, 36, 48)
(28, 37, 72)
(28, 40, 51)
(28, 44, 54)
(28, 44, 65)
(28, 47, 40)
(28, 48, 57)
(28, 52, 60)
(28, 56, 187)
(28, 57, 132)
(28, 60, 105)
(28, 63, 60)
(28, 67, 168)
(28, 76, 153)
(28, 77, 88)
(28, 91, 120)
(28, 92, 119)
(28, 104, 85)
(28, 105, 156)
(28, 112, 171)
(28, 125, 104)
(28, 128, 133)
(28, 140, 95)
(28, 143, 140)
(29, 31, 32)
(29, 31, 45)
(29, 31, 63)
(29, 31, 80)
(29, 31, 91)
(29, 34, 60)
(29, 35, 48)
(29, 36, 72)
(29, 39, 51)
(29, 43, 54)
(29, 43, 65)
(29, 46, 40)
(29, 47, 57)
(29, 51, 60)
(29, 55, 187)
(29, 56, 132)
(29, 59, 105)
(29, 62, 60)
(29, 66, 168)
(29, 75, 153)
(29, 76, 88)
(29, 90, 120)
(29, 91, 119)
(29, 103, 85)
(29, 104, 156)
(29, 111, 171)
(29, 124, 104)
(29, 127, 133)
(29, 139, 95)
(29, 142, 140)
(30, 30, 32)
(30, 30, 45)
(30, 30, 63)
(30, 30, 80)
(30, 30, 91)
(30, 33, 60)
(30, 34, 48)
(30, 35, 72)
(30, 38, 51)
(30, 42, 54)
(30, 42, 65)
(30, 45, 40)
(30, 46, 57)
(30, 50, 60)
(30, 54, 187)
(30, 55, 132)
(30, 58, 105)
(30, 61, 60)
(30, 65, 168)
(30, 74, 153)
(30, 75, 88)
(30, 89, 120)
(30, 90, 119)
(30, 102, 85)
(30, 103, 156)
(30, 110, 171)
(30, 123, 104)
(30, 126, 133)
(30, 138, 95)
(30, 141, 140)
(31, 32, 60)
(31, 33, 48)
(31, 34, 72)
(31, 37, 51)
(31, 41, 54)
(31, 41, 65)
(31, 44, 40)
(31, 45, 57)
(31, 49, 60)
(31, 53, 187)
(31, 54, 132)
(31, 57, 105)
(31, 60, 60)
(31, 64, 168)
(31, 73, 153)
(31, 74, 88)
(31, 88, 120)
(31, 89, 119)
(31, 101, 85)
(31, 102, 156)
(31, 109, 171)
(31, 122, 104)
(31, 125, 133)
(31, 137, 95)
(31, 140, 140)
(32, 32, 48)
(32, 33, 72)
(32, 36, 51)
(32, 40, 54)
(32, 40, 65)
(32, 43, 40)
(32, 44, 57)
(32, 48, 60)
(32, 52, 187)
(32, 53, 132)
(32, 56, 105)
(32, 59, 60)
(32, 63, 168)
(32, 72, 153)
(32, 73, 88)
(32, 87, 120)
(32, 88, 119)
(32, 100, 85)
(32, 101, 156)
(32, 108, 171)
(32, 121, 104)
(32, 124, 133)
(32, 136, 95)
(32, 139, 140)
(33, 35, 51)
(33, 39, 54)
(33, 39, 65)
(33, 42, 40)
(33, 43, 57)
(33, 47, 60)
(33, 51, 187)
(33, 52, 132)
(33, 55, 105)
(33, 58, 60)
(33, 62, 168)
(33, 71, 153)
(33, 72, 88)
(33, 86, 120)
(33, 87, 119)
(33, 99, 85)
(33, 100, 156)
(33, 107, 171)
(33, 120, 104)
(33, 123, 133)
(33, 135, 95)
(33, 138, 140)
(34, 34, 51)
(34, 38, 54)
(34, 38, 65)
(34, 41, 40)
(34, 42, 57)
(34, 46, 60)
(34, 50, 187)
(34, 51, 132)
(34, 54, 105)
(34, 57, 60)
(34, 61, 168)
(34, 70, 153)
(34, 71, 88)
(34, 85, 120)
(34, 86, 119)
(34, 98, 85)
(34, 99, 156)
(34, 106, 171)
(34, 119, 104)
(34, 122, 133)
(34, 134, 95)
(34, 137, 140)
(35, 37, 54)
(35, 37, 65)
(35, 40, 40)
(35, 41, 57)
(35, 45, 60)
(35, 49, 187)
(35, 50, 132)
(35, 53, 105)
(35, 56, 60)
(35, 60, 168)
(35, 69, 153)
(35, 70, 88)
(35, 84, 120)
(35, 85, 119)
(35, 97, 85)
(35, 98, 156)
(35, 105, 171)
(35, 118, 104)
(35, 121, 133)
(35, 133, 95)
(35, 136, 140)
(36, 36, 54)
(36, 36, 65)
(36, 39, 40)
(36, 40, 57)
(36, 44, 60)
(36, 48, 187)
(36, 49, 132)
(36, 52, 105)
(36, 55, 60)
(36, 59, 168)
(36, 68, 153)
(36, 69, 88)
(36, 83, 120)
(36, 84, 119)
(36, 96, 85)
(36, 97, 156)
(36, 104, 171)
(36, 117, 104)
(36, 120, 133)
(36, 132, 95)
(36, 135, 140)
(37, 38, 40)
(37, 39, 57)
(37, 43, 60)
(37, 47, 187)
(37, 48, 132)
(37, 51, 105)
(37, 54, 60)
(37, 58, 168)
(37, 67, 153)
(37, 68, 88)
(37, 82, 120)
(37, 83, 119)
(37, 95, 85)
(37, 96, 156)
(37, 103, 171)
(37, 116, 104)
(37, 119, 133)
(37, 131, 95)
(37, 134, 140)
(38, 38, 57)
(38, 42, 60)
(38, 46, 187)
(38, 47, 132)
(38, 50, 105)
(38, 53, 60)
(38, 57, 168)
(38, 66, 153)
(38, 67, 88)
(38, 81, 120)
(38, 82, 119)
(38, 94, 85)
(38, 95, 156)
(38, 102, 171)
(38, 115, 104)
(38, 118, 133)
(38, 130, 95)
(38, 133, 140)
(39, 41, 60)
(39, 45, 187)
(39, 46, 132)
(39, 49, 105)
(39, 52, 60)
(39, 56, 168)
(39, 65, 153)
(39, 66, 88)
(39, 80, 120)
(39, 81, 119)
(39, 93, 85)
(39, 94, 156)
(39, 101, 171)
(39, 114, 104)
(39, 117, 133)
(39, 129, 95)
(39, 132, 140)
(40, 40, 60)
(40, 44, 187)
(40, 45, 132)
(40, 48, 105)
(40, 51, 60)
(40, 55, 168)
(40, 64, 153)
(40, 65, 88)
(40, 79, 120)
(40, 80, 119)
(40, 92, 85)
(40, 93, 156)
(40, 100, 171)
(40, 113, 104)
(40, 116, 133)
(40, 128, 95)
(40, 131, 140)
(41, 43, 187)
(41, 44, 132)
(41, 47, 105)
(41, 50, 60)
(41, 54, 168)
(41, 63, 153)
(41, 64, 88)
(41, 78, 120)
(41, 79, 119)
(41, 91, 85)
(41, 92, 156)
(41, 99, 171)
(41, 112, 104)
(41, 115, 133)
(41, 127, 95)
(41, 130, 140)
(42, 42, 187)
(42, 43, 132)
(42, 46, 105)
(42, 49, 60)
(42, 53, 168)
(42, 62, 153)
(42, 63, 88)
(42, 77, 120)
(42, 78, 119)
(42, 90, 85)
(42, 91, 156)
(42, 98, 171)
(42, 111, 104)
(42, 114, 133)
(42, 126, 95)
(42, 129, 140)
(43, 45, 105)
(43, 48, 60)
(43, 52, 168)
(43, 61, 153)
(43, 62, 88)
(43, 76, 120)
(43, 77, 119)
(43, 89, 85)
(43, 90, 156)
(43, 97, 171)
(43, 110, 104)
(43, 113, 133)
(43, 125, 95)
(43, 128, 140)
(44, 44, 105)
(44, 47, 60)
(44, 51, 168)
(44, 60, 153)
(44, 61, 88)
(44, 75, 120)
(44, 76, 119)
(44, 88, 85)
(44, 89, 156)
(44, 96, 171)
(44, 109, 104)
(44, 112, 133)
(44, 124, 95)
(44, 127, 140)
(45, 46, 60)
(45, 50, 168)
(45, 59, 153)
(45, 60, 88)
(45, 74, 120)
(45, 75, 119)
(45, 87, 85)
(45, 88, 156)
(45, 95, 171)
(45, 108, 104)
(45, 111, 133)
(45, 123, 95)
(45, 126, 140)
(46, 49, 168)
(46, 58, 153)
(46, 59, 88)
(46, 73, 120)
(46, 74, 119)
(46, 86, 85)
(46, 87, 156)
(46, 94, 171)
(46, 107, 104)
(46, 110, 133)
(46, 122, 95)
(46, 125, 140)
(47, 48, 168)
(47, 57, 153)
(47, 58, 88)
(47, 72, 120)
(47, 73, 119)
(47, 85, 85)
(47, 86, 156)
(47, 93, 171)
(47, 106, 104)
(47, 109, 133)
(47, 121, 95)
(47, 124, 140)
(48, 56, 153)
(48, 57, 88)
(48, 71, 120)
(48, 72, 119)
(48, 84, 85)
(48, 85, 156)
(48, 92, 171)
(48, 105, 104)
(48, 108, 133)
(48, 120, 95)
(48, 123, 140)
(49, 55, 153)
(49, 56, 88)
(49, 70, 120)
(49, 71, 119)
(49, 83, 85)
(49, 84, 156)
(49, 91, 171)
(49, 104, 104)
(49, 107, 133)
(49, 119, 95)
(49, 122, 140)
(50, 54, 153)
(50, 55, 88)
(50, 69, 120)
(50, 70, 119)
(50, 82, 85)
(50, 83, 156)
(50, 90, 171)
(50, 103, 104)
(50, 106, 133)
(50, 118, 95)
(50, 121, 140)
(51, 53, 153)
(51, 54, 88)
(51, 68, 120)
(51, 69, 119)
(51, 81, 85)
(51, 82, 156)
(51, 89, 171)
(51, 102, 104)
(51, 105, 133)
(51, 117, 95)
(51, 120, 140)
(52, 52, 153)
(52, 53, 88)
(52, 67, 120)
(52, 68, 119)
(52, 80, 85)
(52, 81, 156)
(52, 88, 171)
(52, 101, 104)
(52, 104, 133)
(52, 116, 95)
(52, 119, 140)
(53, 66, 120)
(53, 67, 119)
(53, 79, 85)
(53, 80, 156)
(53, 87, 171)
(53, 100, 104)
(53, 103, 133)
(53, 115, 95)
(53, 118, 140)
(54, 65, 120)
(54, 66, 119)
(54, 78, 85)
(54, 79, 156)
(54, 86, 171)
(54, 99, 104)
(54, 102, 133)
(54, 114, 95)
(54, 117, 140)
(55, 64, 120)
(55, 65, 119)
(55, 77, 85)
(55, 78, 156)
(55, 85, 171)
(55, 98, 104)
(55, 101, 133)
(55, 113, 95)
(55, 116, 140)
(56, 63, 120)
(56, 64, 119)
(56, 76, 85)
(56, 77, 156)
(56, 84, 171)
(56, 97, 104)
(56, 100, 133)
(56, 112, 95)
(56, 115, 140)
(57, 62, 120)
(57, 63, 119)
(57, 75, 85)
(57, 76, 156)
(57, 83, 171)
(57, 96, 104)
(57, 99, 133)
(57, 111, 95)
(57, 114, 140)
(58, 61, 120)
(58, 62, 119)
(58, 74, 85)
(58, 75, 156)
(58, 82, 171)
(58, 95, 104)
(58, 98, 133)
(58, 110, 95)
(58, 113, 140)
(59, 60, 120)
(59, 61, 119)
(59, 73, 85)
(59, 74, 156)
(59, 81, 171)
(59, 94, 104)
(59, 97, 133)
(59, 109, 95)
(59, 112, 140)
(60, 60, 119)
(60, 72, 85)
(60, 73, 156)
(60, 80, 171)
(60, 93, 104)
(60, 96, 133)
(60, 108, 95)
(60, 111, 140)
(61, 71, 85)
(61, 72, 156)
(61, 79, 171)
(61, 92, 104)
(61, 95, 133)
(61, 107, 95)
(61, 110, 140)
(62, 70, 85)
(62, 71, 156)
(62, 78, 171)
(62, 91, 104)
(62, 94, 133)
(62, 106, 95)
(62, 109, 140)
(63, 69, 85)
(63, 70, 156)
(63, 77, 171)
(63, 90, 104)
(63, 93, 133)
(63, 105, 95)
(63, 108, 140)
(64, 68, 85)
(64, 69, 156)
(64, 76, 171)
(64, 89, 104)
(64, 92, 133)
(64, 104, 95)
(64, 107, 140)
(65, 67, 85)
(65, 68, 156)
(65, 75, 171)
(65, 88, 104)
(65, 91, 133)
(65, 103, 95)
(65, 106, 140)
(66, 66, 85)
(66, 67, 156)
(66, 74, 171)
(66, 87, 104)
(66, 90, 133)
(66, 102, 95)
(66, 105, 140)
(67, 73, 171)
(67, 86, 104)
(67, 89, 133)
(67, 101, 95)
(67, 104, 140)
(68, 72, 171)
(68, 85, 104)
(68, 88, 133)
(68, 100, 95)
(68, 103, 140)
(69, 71, 171)
(69, 84, 104)
(69, 87, 133)
(69, 99, 95)
(69, 102, 140)
(70, 70, 171)
(70, 83, 104)
(70, 86, 133)
(70, 98, 95)
(70, 101, 140)
(71, 82, 104)
(71, 85, 133)
(71, 97, 95)
(71, 100, 140)
(72, 81, 104)
(72, 84, 133)
(72, 96, 95)
(72, 99, 140)
(73, 80, 104)
(73, 83, 133)
(73, 95, 95)
(73, 98, 140)
(74, 79, 104)
(74, 82, 133)
(74, 94, 95)
(74, 97, 140)
(75, 78, 104)
(75, 81, 133)
(75, 93, 95)
(75, 96, 140)
(76, 77, 104)
(76, 80, 133)
(76, 92, 95)
(76, 95, 140)
(77, 79, 133)
(77, 91, 95)
(77, 94, 140)
(78, 78, 133)
(78, 90, 95)
(78, 93, 140)
(79, 89, 95)
(79, 92, 140)
(80, 88, 95)
(80, 91, 140)
(81, 87, 95)
(81, 90, 140)
(82, 86, 95)
(82, 89, 140)
(83, 85, 95)
(83, 88, 140)
(84, 84, 95)
(84, 87, 140)
(85, 86, 140)
